time,enrolled,available,waitlisted,total
2025-05-20T14:44:23,0,3,0,3
2025-05-20T15:12:59,0,3,0,3
2025-05-20T15:41:45,0,3,0,3
2025-05-20T16:10:32,0,3,0,3
2025-05-20T16:39:06,0,3,0,3
2025-05-20T17:07:56,0,3,0,3
2025-05-20T17:36:34,0,3,0,3
2025-05-20T18:05:20,0,3,0,3
2025-05-20T18:34:07,0,3,0,3
2025-05-20T19:02:41,0,3,0,3
2025-05-20T19:31:15,0,3,0,3
2025-05-20T19:59:59,0,3,0,3
2025-05-20T20:28:33,0,3,0,3
2025-05-20T20:57:07,0,3,0,3
2025-05-20T21:25:50,0,3,0,3
2025-05-20T21:54:24,0,3,0,3
2025-05-20T22:22:57,0,3,0,3
2025-05-20T22:51:42,0,3,0,3
2025-05-20T23:20:17,0,3,0,3
2025-05-20T23:48:51,0,3,0,3
2025-05-21T00:17:41,0,3,0,3
2025-05-21T00:46:51,0,3,0,3
2025-05-21T01:15:30,0,3,0,3
2025-05-21T01:44:08,0,3,0,3
2025-05-21T02:12:46,0,3,0,3
2025-05-21T02:41:35,0,3,0,3
2025-05-21T03:10:24,0,3,0,3
2025-05-21T03:39:00,0,3,0,3
2025-05-21T04:08:34,0,3,0,3
2025-05-21T04:45:47,0,3,0,3
2025-05-21T05:14:25,0,3,0,3
2025-05-21T05:43:05,0,3,0,3
2025-05-21T06:11:43,0,3,0,3
2025-05-21T06:40:20,0,3,0,3
2025-05-21T07:08:57,0,3,0,3
2025-05-21T07:37:34,0,3,0,3
2025-05-21T08:06:12,0,3,0,3
2025-05-21T08:34:55,0,3,0,3
2025-05-21T09:03:42,0,3,0,3
2025-05-21T09:32:17,0,3,0,3
2025-05-21T10:01:12,0,3,0,3
2025-05-21T10:29:48,0,3,0,3
2025-05-21T10:58:31,0,3,0,3
2025-05-21T11:27:10,0,3,0,3
2025-05-21T11:55:58,0,3,0,3
2025-05-21T12:24:49,0,3,0,3
2025-05-21T12:53:39,0,3,0,3
2025-05-21T13:22:20,0,3,0,3
2025-05-21T13:51:10,0,3,0,3
2025-05-21T14:19:59,0,3,0,3
2025-05-21T14:48:38,0,3,0,3
2025-05-21T15:17:32,0,3,0,3
2025-05-21T15:46:28,0,3,0,3
2025-05-21T16:15:10,0,3,0,3
2025-05-21T16:44:04,0,3,0,3
2025-05-21T17:12:58,0,3,0,3
2025-05-21T17:41:40,0,3,0,3
2025-05-21T18:10:31,0,3,0,3
2025-05-21T18:39:13,0,3,0,3
2025-05-21T19:07:54,0,3,0,3
2025-05-21T19:36:46,0,3,0,3
2025-05-21T20:05:27,0,3,0,3
2025-05-21T20:34:19,0,3,0,3
2025-05-21T21:03:00,0,3,0,3
2025-05-21T21:31:57,0,3,0,3
2025-05-21T22:00:38,0,3,0,3
2025-05-21T22:29:19,0,3,0,3
2025-05-21T22:58:12,0,3,0,3
2025-05-21T23:26:54,0,3,0,3
2025-05-21T23:55:36,0,3,0,3
2025-05-22T00:24:20,0,3,0,3
2025-05-22T00:53:16,0,3,0,3
2025-05-22T01:22:05,0,3,0,3
2025-05-22T01:50:50,0,3,0,3
2025-05-22T02:19:34,0,3,0,3
2025-05-22T02:48:23,0,3,0,3
2025-05-22T03:17:19,0,3,0,3
2025-05-22T03:46:02,0,3,0,3
2025-05-22T04:14:58,0,3,0,3
2025-05-22T04:45:59,0,3,0,3
2025-05-22T05:14:45,0,3,0,3
2025-05-22T05:43:32,0,3,0,3
2025-05-22T06:12:18,0,3,0,3
2025-05-22T06:41:03,0,3,0,3
2025-05-22T07:09:48,0,3,0,3
2025-05-22T07:38:33,0,3,0,3
2025-05-22T08:07:15,0,3,0,3
2025-05-22T08:36:07,0,3,0,3
2025-05-22T09:04:50,0,3,0,3
2025-05-22T09:33:34,0,3,0,3
2025-05-22T10:02:18,0,3,0,3
2025-05-22T10:31:16,0,3,0,3
2025-05-22T11:00:02,0,3,0,3
2025-05-22T11:28:48,0,3,0,3
2025-05-22T11:57:52,0,3,0,3
2025-05-22T12:26:37,0,3,0,3
2025-05-22T12:55:32,0,3,0,3
2025-05-22T13:24:16,0,3,0,3
2025-05-22T13:53:13,0,3,0,3
2025-05-22T14:22:12,0,3,0,3
2025-05-22T14:50:58,0,3,0,3
2025-05-22T15:19:55,0,3,0,3
2025-05-22T15:48:42,0,3,0,3
2025-05-22T16:17:41,0,3,0,3
2025-05-22T16:46:29,0,3,0,3
2025-05-22T17:15:28,0,3,0,3
2025-05-22T17:44:16,0,3,0,3
2025-05-22T18:13:04,0,3,0,3
2025-05-22T18:41:52,0,3,0,3
2025-05-22T19:10:51,0,3,0,3
2025-05-22T19:39:39,0,3,0,3
2025-05-22T20:08:27,0,3,0,3
2025-05-22T20:37:17,0,3,0,3
2025-05-22T21:06:15,0,3,0,3
2025-05-22T21:35:03,0,3,0,3
2025-05-22T22:03:51,0,3,0,3
2025-05-22T22:32:49,0,3,0,3
2025-05-22T23:01:39,0,3,0,3
2025-05-22T23:30:29,0,3,0,3
2025-05-22T23:59:27,0,3,0,3
2025-05-23T00:28:39,0,3,0,3
2025-05-23T00:57:32,0,3,0,3
2025-05-23T01:26:24,0,3,0,3
2025-05-23T01:55:28,0,3,0,3
2025-05-23T02:24:20,0,3,0,3
2025-05-23T02:53:18,0,3,0,3
2025-05-23T03:22:13,0,3,0,3
2025-05-23T03:51:06,0,3,0,3
2025-05-23T04:47:51,0,3,0,3
2025-05-23T05:16:44,0,3,0,3
2025-05-23T05:45:37,0,3,0,3
2025-05-23T06:14:29,0,3,0,3
2025-05-23T06:43:21,0,3,0,3
2025-05-23T07:12:12,0,3,0,3
2025-05-23T07:41:02,0,3,0,3
2025-05-23T08:10:00,0,3,0,3
2025-05-23T08:38:49,0,3,0,3
2025-05-23T09:07:39,0,3,0,3
2025-05-23T09:36:28,0,3,0,3
2025-05-23T10:05:21,0,3,0,3
2025-05-23T10:34:20,0,3,0,3
2025-05-23T11:03:11,0,3,0,3
2025-05-23T11:32:14,0,3,0,3
2025-05-23T12:01:05,0,3,0,3
2025-05-23T12:30:07,0,3,0,3
2025-05-23T12:59:00,0,3,0,3
2025-05-23T13:28:02,0,3,0,3
2025-05-23T13:56:54,0,3,0,3
2025-05-23T14:25:45,0,3,0,3
2025-05-23T14:54:47,0,3,0,3
2025-05-23T15:23:39,0,3,0,3
2025-05-23T15:52:40,0,3,0,3
2025-05-23T16:21:32,0,3,0,3
2025-05-23T16:50:23,0,3,0,3
2025-05-23T17:19:25,0,3,0,3
2025-05-23T17:48:16,0,3,0,3
2025-05-23T18:17:08,0,3,0,3
2025-05-23T18:46:10,0,3,0,3
2025-05-23T19:15:01,0,3,0,3
2025-05-23T19:43:52,0,3,0,3
2025-05-23T20:12:43,0,3,0,3
2025-05-23T20:41:35,0,3,0,3
2025-05-23T21:10:36,0,3,0,3
2025-05-23T21:39:27,0,3,0,3
2025-05-23T22:08:19,0,3,0,3
2025-05-23T22:37:11,0,3,0,3
2025-05-23T23:06:04,0,3,0,3
2025-05-23T23:35:06,0,3,0,3
2025-05-24T00:03:57,0,3,0,3
2025-05-24T00:32:54,0,3,0,3
2025-05-24T01:01:49,0,3,0,3
2025-05-24T01:30:53,0,3,0,3
2025-05-24T01:59:51,0,3,0,3
2025-05-24T02:29:00,0,3,0,3
2025-05-24T02:58:04,0,3,0,3
2025-05-24T03:26:59,0,3,0,3
2025-05-24T03:55:53,0,3,0,3
2025-05-24T04:45:44,0,3,0,3
2025-05-24T05:14:39,0,3,0,3
2025-05-24T05:43:35,0,3,0,3
2025-05-24T06:12:31,0,3,0,3
2025-05-24T06:41:34,0,3,0,3
2025-05-24T07:10:29,0,3,0,3
2025-05-24T07:39:25,0,3,0,3
2025-05-24T08:08:16,0,3,0,3
2025-05-24T08:37:08,0,3,0,3
2025-05-24T09:05:59,0,3,0,3
2025-05-24T09:35:01,0,3,0,3
2025-05-24T10:03:52,0,3,0,3
2025-05-24T10:32:43,0,3,0,3
2025-05-24T11:01:33,0,3,0,3
2025-05-24T11:30:24,0,3,0,3
2025-05-24T11:59:25,0,3,0,3
2025-05-24T12:28:16,0,3,0,3
2025-05-24T12:57:07,0,3,0,3
2025-05-24T13:25:58,0,3,0,3
2025-05-24T13:54:58,0,3,0,3
2025-05-24T14:23:49,0,3,0,3
2025-05-24T14:52:40,0,3,0,3
2025-05-24T15:21:30,0,3,0,3
2025-05-24T15:50:31,0,3,0,3
2025-05-24T16:19:21,0,3,0,3
2025-05-24T16:48:12,0,3,0,3
2025-05-24T17:17:04,0,3,0,3
2025-05-24T17:46:05,0,3,0,3
2025-05-24T18:14:59,0,3,0,3
2025-05-24T18:43:51,0,3,0,3
2025-05-24T19:12:42,0,3,0,3
2025-05-24T19:41:33,0,3,0,3
2025-05-24T20:10:34,0,3,0,3
2025-05-24T20:39:25,0,3,0,3
2025-05-24T21:08:16,0,3,0,3
2025-05-24T21:37:07,0,3,0,3
2025-05-24T22:06:08,0,3,0,3
2025-05-24T22:35:00,0,3,0,3
2025-05-24T23:03:52,0,3,0,3
2025-05-24T23:32:45,0,3,0,3
2025-05-25T00:01:36,0,3,0,3
2025-05-25T00:30:42,0,3,0,3
2025-05-25T00:59:41,0,3,0,3
2025-05-25T01:28:36,0,3,0,3
2025-05-25T01:57:32,0,3,0,3
2025-05-25T02:26:28,0,3,0,3
2025-05-25T02:55:26,0,3,0,3
2025-05-25T03:24:24,0,3,0,3
2025-05-25T03:53:21,0,3,0,3
2025-05-25T04:44:36,0,3,0,3
2025-05-25T05:13:38,0,3,0,3
2025-05-25T05:42:38,0,3,0,3
2025-05-25T06:11:35,0,3,0,3
2025-05-25T06:40:34,0,3,0,3
2025-05-25T07:09:29,0,3,0,3
2025-05-25T07:38:28,0,3,0,3
2025-05-25T08:07:24,0,3,0,3
2025-05-25T08:36:18,0,3,0,3
2025-05-25T09:05:29,0,3,0,3
2025-05-25T09:34:22,0,3,0,3
2025-05-25T10:03:15,0,3,0,3
2025-05-25T10:32:08,0,3,0,3
2025-05-25T11:01:02,0,3,0,3
2025-05-25T11:29:56,0,3,0,3
2025-05-25T11:58:50,0,3,0,3
2025-05-25T12:27:53,0,3,0,3
2025-05-25T12:56:43,0,3,0,3
2025-05-25T13:25:36,0,3,0,3
2025-05-25T13:54:27,0,3,0,3
2025-05-25T14:23:28,0,3,0,3
2025-05-25T14:52:19,0,3,0,3
2025-05-25T15:21:10,0,3,0,3
2025-05-25T15:50:17,0,3,0,3
2025-05-25T16:19:10,0,3,0,3
2025-05-25T16:48:01,0,3,0,3
2025-05-25T17:16:52,0,3,0,3
2025-05-25T17:45:43,0,3,0,3
2025-05-25T18:14:44,0,3,0,3
2025-05-25T18:43:36,0,3,0,3
2025-05-25T19:12:29,0,3,0,3
2025-05-25T19:41:20,0,3,0,3
2025-05-25T20:10:21,0,3,0,3
2025-05-25T20:39:12,0,3,0,3
2025-05-25T21:08:03,0,3,0,3
2025-05-25T21:37:21,0,3,0,3
2025-05-25T22:06:13,0,3,0,3
2025-05-25T22:35:04,0,3,0,3
2025-05-25T23:04:05,0,3,0,3
2025-05-25T23:32:57,0,3,0,3
2025-05-26T00:01:48,0,3,0,3
2025-05-26T00:30:53,0,3,0,3
2025-05-26T00:59:48,0,3,0,3
2025-05-26T01:28:55,0,3,0,3
2025-05-26T01:57:49,0,3,0,3
2025-05-26T02:26:54,0,3,0,3
2025-05-26T02:55:48,0,3,0,3
2025-05-26T03:24:43,0,3,0,3
2025-05-26T03:53:38,0,3,0,3
2025-05-26T04:43:57,0,3,0,3
2025-05-26T05:14:18,0,3,0,3
2025-05-26T05:43:36,0,3,0,3
2025-05-26T06:12:32,0,3,0,3
2025-05-26T06:41:27,0,3,0,3
2025-05-26T07:10:20,0,3,0,3
2025-05-26T07:39:12,0,3,0,3
2025-05-26T08:08:03,0,3,0,3
2025-05-26T08:36:55,0,3,0,3
2025-05-26T09:05:58,0,3,0,3
2025-05-26T09:34:49,0,3,0,3
2025-05-26T10:03:41,0,3,0,3
2025-05-26T10:32:32,0,3,0,3
2025-05-26T11:01:33,0,3,0,3
2025-05-26T11:30:24,0,3,0,3
2025-05-26T11:59:15,0,3,0,3
2025-05-26T12:28:16,0,3,0,3
2025-05-26T12:57:07,0,3,0,3
2025-05-26T13:26:07,0,3,0,3
2025-05-26T13:54:58,0,3,0,3
2025-05-26T14:24:01,0,3,0,3
2025-05-26T14:52:53,0,3,0,3
2025-05-26T15:21:54,0,3,0,3
2025-05-26T15:50:45,0,3,0,3
2025-05-26T16:19:45,0,3,0,3
2025-05-26T16:48:39,0,3,0,3
2025-05-26T17:17:41,0,3,0,3
2025-05-26T17:46:33,0,3,0,3
2025-05-26T18:15:25,0,3,0,3
2025-05-26T18:44:27,0,3,0,3
2025-05-26T19:13:28,0,3,0,3
2025-05-26T19:42:19,0,3,0,3
2025-05-26T20:11:20,0,3,0,3
2025-05-26T20:40:13,0,3,0,3
2025-05-26T21:09:04,0,3,0,3
2025-05-26T21:38:05,0,3,0,3
2025-05-26T22:06:57,0,3,0,3
2025-05-26T22:36:00,0,3,0,3
2025-05-26T23:05:24,0,3,0,3
2025-05-26T23:34:16,0,3,0,3
2025-05-27T00:03:08,0,3,0,3
2025-05-27T00:32:13,0,3,0,3
2025-05-27T01:01:09,0,3,0,3
2025-05-27T01:30:13,0,3,0,3
2025-05-27T01:59:07,0,3,0,3
2025-05-27T02:28:01,0,3,0,3
2025-05-27T02:56:54,0,3,0,3
2025-05-27T03:25:49,0,3,0,3
2025-05-27T03:54:51,0,3,0,3
2025-05-28T00:51:52,1,2,0,3
2025-05-28T01:21:02,1,2,0,3
2025-05-28T01:50:02,1,2,0,3
2025-05-28T02:19:01,1,2,0,3
2025-05-28T02:48:11,1,2,0,3
2025-05-28T03:17:10,1,2,0,3
2025-05-28T03:46:10,1,2,0,3
2025-05-28T04:40:47,1,2,0,3
2025-05-28T05:10:07,1,2,0,3
2025-05-28T05:39:07,1,2,0,3
2025-05-28T06:08:07,1,2,0,3
2025-05-28T06:37:06,1,2,0,3
2025-05-28T07:06:08,1,2,0,3
2025-05-28T07:35:05,1,2,0,3
2025-05-28T08:04:11,1,2,0,3
2025-05-28T08:33:09,2,1,0,3
2025-05-28T09:02:06,3,0,0,3
2025-05-28T09:31:17,3,0,0,3
2025-05-28T10:00:14,3,0,0,3
2025-05-28T10:29:27,3,0,0,3
2025-05-28T10:58:28,3,0,0,3
2025-05-28T11:27:39,3,0,0,3
2025-05-28T11:56:55,3,0,0,3
2025-05-28T12:26:08,3,0,0,3
2025-05-28T12:55:19,3,0,0,3
2025-05-28T13:24:21,3,0,0,3
2025-05-28T13:53:32,3,0,0,3
2025-05-28T14:22:42,3,0,0,3
2025-05-28T14:51:44,3,0,0,3
2025-05-28T15:20:57,3,0,0,3
2025-05-28T15:50:06,3,0,0,3
2025-05-28T16:19:03,3,0,0,3
2025-05-28T16:48:11,3,0,0,3
2025-05-28T17:17:09,3,0,0,3
2025-05-28T17:46:16,3,0,0,3
2025-05-28T18:15:13,3,0,0,3
2025-05-28T18:44:10,3,0,0,3
2025-05-28T19:13:19,3,0,0,3
2025-05-28T19:42:16,3,0,0,3
2025-05-28T20:11:22,3,0,0,3
2025-05-28T20:40:18,3,0,0,3
2025-05-28T21:09:14,3,0,0,3
2025-05-28T21:38:11,3,0,0,3
2025-05-28T22:07:18,3,0,0,3
2025-05-28T22:36:16,3,0,0,3
2025-05-28T23:05:13,3,0,0,3
2025-05-28T23:34:19,3,0,0,3
2025-05-29T00:03:17,3,0,0,3
2025-05-29T00:32:19,3,0,0,3
2025-05-29T01:01:20,3,0,0,3
2025-05-29T01:30:20,3,0,0,3
2025-05-29T01:59:31,3,0,0,3
2025-05-29T02:28:30,3,0,0,3
2025-05-29T02:57:36,3,0,0,3
2025-05-29T03:26:38,3,0,0,3
2025-05-29T03:55:37,3,0,0,3
2025-05-29T04:50:35,3,0,0,3
2025-05-29T05:19:36,3,0,0,3
2025-05-29T05:48:39,3,0,0,3
2025-05-29T06:17:41,3,0,0,3
2025-05-29T06:46:42,3,0,0,3
2025-05-29T07:15:42,3,0,0,3
2025-05-29T07:44:40,3,0,0,3
2025-05-29T08:13:38,3,0,0,3
2025-05-29T08:42:45,3,0,0,3
2025-05-29T09:11:41,3,0,0,3
2025-05-29T09:40:40,3,0,0,3
2025-05-29T10:09:37,3,0,0,3
2025-05-29T10:38:47,3,0,0,3
2025-05-29T11:07:43,3,0,0,3
2025-05-29T11:36:50,3,0,0,3
2025-05-29T12:05:47,3,0,0,3
2025-05-29T12:34:54,3,0,0,3
2025-05-29T13:03:50,3,0,0,3
2025-05-29T13:32:56,3,0,0,3
2025-05-29T14:01:54,3,0,0,3
2025-05-29T14:30:54,3,0,0,3
2025-05-29T15:00:04,3,0,0,3
2025-05-29T15:29:02,3,0,0,3
2025-05-29T15:58:10,3,0,0,3
2025-05-29T16:27:33,3,0,0,3
2025-05-29T16:56:39,3,0,0,3
2025-05-29T17:25:39,3,0,0,3
2025-05-29T17:54:38,3,0,0,3
2025-05-29T18:23:37,3,0,0,3
2025-05-29T18:52:46,3,0,0,3
2025-05-29T19:21:43,3,0,0,3
2025-05-29T19:50:41,3,0,0,3
2025-05-29T20:19:47,3,0,0,3
2025-05-29T20:48:45,3,0,0,3
2025-05-29T21:17:43,3,0,0,3
2025-05-29T21:46:40,3,0,0,3
2025-05-29T22:15:39,3,0,0,3
2025-05-29T22:44:47,3,0,0,3
2025-05-29T23:13:45,3,0,0,3
2025-05-29T23:42:44,3,0,0,3
2025-05-30T00:11:44,3,0,0,3
2025-05-30T00:40:57,3,0,0,3
2025-05-30T01:10:00,3,0,0,3
2025-05-30T01:39:03,3,0,0,3
2025-05-30T02:08:16,3,0,0,3
2025-05-30T02:37:18,3,0,0,3
2025-05-30T03:06:18,3,0,0,3
2025-05-30T03:35:27,3,0,0,3
2025-05-30T04:04:26,3,0,0,3
2025-05-30T04:38:56,3,0,0,3
2025-05-30T05:08:18,3,0,0,3
2025-05-30T05:37:31,3,0,0,3
2025-05-30T06:06:37,3,0,0,3
2025-05-30T06:35:40,3,0,0,3
2025-05-30T07:04:50,3,0,0,3
2025-05-30T07:33:50,3,0,0,3
2025-05-30T08:02:49,3,0,0,3
2025-05-30T08:31:48,3,0,0,3
2025-05-30T09:00:47,3,0,0,3
2025-05-30T09:29:58,3,0,0,3
2025-05-30T09:58:57,3,0,0,3
2025-05-30T10:27:55,3,0,0,3
2025-05-30T10:56:54,3,0,0,3
2025-05-30T11:26:02,3,0,0,3
2025-05-30T11:55:01,3,0,0,3
2025-05-30T12:23:58,3,0,0,3
2025-05-30T12:53:08,3,0,0,3
2025-05-30T13:22:06,3,0,0,3
2025-05-30T13:51:05,3,0,0,3
2025-05-30T14:20:13,3,0,0,3
2025-05-30T14:49:12,3,0,0,3
2025-05-30T15:18:20,3,0,0,3
2025-05-30T15:47:20,3,0,0,3
2025-05-30T16:16:20,3,0,0,3
2025-05-30T16:45:28,3,0,0,3
2025-05-30T17:14:27,3,0,0,3
2025-05-30T17:43:26,3,0,0,3
2025-05-30T18:12:34,3,0,0,3
2025-05-30T18:41:33,3,0,0,3
2025-05-30T19:10:31,3,0,0,3
2025-05-30T19:39:29,3,0,0,3
2025-05-30T20:08:38,3,0,0,3
2025-05-30T20:37:38,3,0,0,3
2025-05-30T21:06:36,3,0,0,3
2025-05-30T21:35:35,3,0,0,3
2025-05-30T22:04:33,3,0,0,3
2025-05-30T22:33:40,3,0,0,3
2025-05-30T23:02:40,3,0,0,3
2025-05-30T23:31:39,3,0,0,3
2025-05-31T00:00:40,3,0,0,3
2025-05-31T00:30:26,3,0,0,3
2025-05-31T00:59:31,3,0,0,3
2025-05-31T01:28:33,3,0,0,3
2025-05-31T01:57:35,3,0,0,3
2025-05-31T02:26:36,3,0,0,3
2025-05-31T02:55:46,3,0,0,3
2025-05-31T03:24:47,3,0,0,3
2025-05-31T03:53:59,3,0,0,3
2025-05-31T04:48:17,3,0,0,3
2025-05-31T05:17:21,3,0,0,3
2025-05-31T05:46:24,3,0,0,3
2025-05-31T06:15:28,3,0,0,3
2025-05-31T06:44:30,3,0,0,3
2025-05-31T07:13:33,3,0,0,3
2025-05-31T07:42:33,3,0,0,3
2025-05-31T08:11:39,3,0,0,3
2025-05-31T08:40:38,3,0,0,3
2025-05-31T09:09:36,3,0,0,3
2025-05-31T09:38:34,3,0,0,3
2025-05-31T10:07:32,3,0,0,3
2025-05-31T10:36:30,3,0,0,3
2025-05-31T11:05:37,3,0,0,3
2025-05-31T11:34:34,3,0,0,3
2025-05-31T12:03:32,3,0,0,3
2025-05-31T12:32:39,3,0,0,3
2025-05-31T13:01:37,3,0,0,3
2025-05-31T13:30:34,3,0,1,3
2025-05-31T13:59:31,3,0,1,3
2025-05-31T14:28:38,3,0,1,3
2025-05-31T14:57:44,3,0,1,3
2025-05-31T15:26:38,3,0,1,3
2025-05-31T15:55:46,3,0,1,3
2025-05-31T16:24:53,3,0,1,3
2025-05-31T16:53:48,3,0,1,3
2025-05-31T17:22:46,3,0,1,3
2025-05-31T17:51:44,3,0,1,3
2025-05-31T18:20:45,3,0,1,3
2025-05-31T18:49:52,3,0,1,3
2025-05-31T19:18:50,3,0,1,3
2025-05-31T19:47:47,3,0,1,3
2025-05-31T20:16:44,3,0,1,3
2025-05-31T20:45:41,3,0,1,3
2025-05-31T21:14:47,3,0,1,3
2025-05-31T21:43:45,3,0,1,3
2025-05-31T22:12:42,3,0,1,3
2025-05-31T22:41:39,3,0,1,3
2025-05-31T23:10:48,3,0,1,3
2025-05-31T23:39:46,3,0,1,3
2025-06-01T00:08:46,3,0,1,3
2025-06-01T00:38:16,3,0,1,3
2025-06-01T01:07:18,3,0,1,3
2025-06-01T01:36:26,3,0,1,3
2025-06-01T02:05:29,3,0,1,3
2025-06-01T02:34:32,3,0,1,3
2025-06-01T03:03:44,3,0,1,3
2025-06-01T03:32:47,3,0,1,3
2025-06-01T04:02:13,3,0,1,3
2025-06-01T04:44:20,3,0,1,3
2025-06-01T05:13:23,3,0,1,3
2025-06-01T05:42:24,3,0,1,3
2025-06-01T06:11:26,3,0,1,3
2025-06-01T06:40:31,3,0,1,3
2025-06-01T07:09:31,3,0,1,3
2025-06-01T07:38:34,3,0,1,3
2025-06-01T08:07:34,3,0,1,3
2025-06-01T08:36:40,3,0,1,3
2025-06-01T09:05:38,3,0,1,3
2025-06-01T09:34:35,3,0,1,3
2025-06-01T10:03:35,3,0,1,3
2025-06-01T10:32:35,3,0,1,3
2025-06-01T11:01:35,3,0,1,3
2025-06-01T11:30:35,3,0,1,3
2025-06-01T11:59:44,3,0,1,3
2025-06-01T12:28:43,3,0,1,3
2025-06-01T12:57:41,3,0,1,3
2025-06-01T13:26:47,3,0,1,3
2025-06-01T13:55:43,3,0,1,3
2025-06-01T14:24:40,3,0,1,3
2025-06-01T14:53:37,3,0,1,3
2025-06-01T15:22:39,3,0,1,3
2025-06-01T15:51:45,3,0,1,3
2025-06-01T16:20:42,3,0,1,3
2025-06-01T16:49:38,3,0,1,3
2025-06-01T17:18:46,3,0,1,3
2025-06-01T17:47:43,3,0,1,3
2025-06-01T18:16:40,3,0,1,3
2025-06-01T18:45:38,3,0,1,3
2025-06-01T19:14:45,3,0,1,3
2025-06-01T19:43:43,3,0,1,3
2025-06-01T20:12:40,3,0,1,3
2025-06-01T20:41:44,3,0,1,3
2025-06-01T21:10:51,3,0,1,3
2025-06-01T21:39:49,3,0,1,3
2025-06-01T22:08:47,3,0,1,3
2025-06-01T22:37:56,3,0,1,3
2025-06-01T23:06:55,3,0,1,3
2025-06-01T23:35:54,3,0,1,3
2025-06-02T00:04:54,3,0,1,3
2025-06-02T00:34:28,3,0,1,3
2025-06-02T01:03:37,3,0,1,3
2025-06-02T01:32:39,3,0,1,3
2025-06-02T02:01:40,3,0,1,3
2025-06-02T02:30:43,3,0,1,3
2025-06-02T02:59:42,3,0,1,3
2025-06-02T03:28:42,3,0,1,3
2025-06-02T03:57:54,3,0,1,3
2025-06-02T04:43:37,3,0,1,3
2025-06-02T05:12:40,3,0,1,3
2025-06-02T05:41:43,3,0,1,3
2025-06-02T06:10:45,3,0,1,3
2025-06-02T06:39:46,3,0,1,3
2025-06-02T07:08:46,3,0,1,3
2025-06-02T07:37:44,3,0,1,3
2025-06-02T08:06:46,3,0,1,3
2025-06-02T08:35:57,3,0,1,3
2025-06-02T09:04:57,3,0,1,3
2025-06-02T09:33:57,3,0,1,3
2025-06-02T10:02:58,3,0,1,3
2025-06-02T10:32:11,3,0,1,3
2025-06-02T11:01:13,3,0,1,3
2025-06-02T11:30:28,3,0,1,3
2025-06-02T11:59:34,3,0,1,3
2025-06-02T12:28:56,3,0,1,3
2025-06-02T12:58:07,3,0,1,3
2025-06-02T13:27:27,3,0,1,3
2025-06-02T13:56:39,3,0,1,3
2025-06-02T14:26:00,3,0,1,3
2025-06-02T14:55:10,3,0,1,3
2025-06-02T15:24:33,3,0,1,3
2025-06-02T15:53:44,3,0,1,3
2025-06-02T16:23:07,3,0,1,3
2025-06-02T16:52:18,3,0,1,3
2025-06-02T17:21:41,3,0,1,3
2025-06-02T17:50:53,3,0,1,3
2025-06-02T18:20:16,3,0,1,3
2025-06-02T18:49:37,3,0,1,3
2025-06-02T19:18:50,3,0,1,3
2025-06-02T19:48:15,3,0,1,3
2025-06-02T20:17:26,3,0,1,3
2025-06-02T20:46:48,3,0,1,3
2025-06-02T21:16:00,3,0,1,3
2025-06-02T21:45:22,3,0,1,3
2025-06-02T22:14:34,3,0,1,3
2025-06-02T22:43:57,3,0,1,3
2025-06-02T23:13:09,3,0,1,3
2025-06-02T23:42:22,3,0,1,3
2025-06-03T00:11:46,3,0,1,3
2025-06-03T00:41:02,3,0,1,3
2025-06-03T01:10:29,3,0,1,3
2025-06-03T01:39:45,3,0,1,3
2025-06-03T02:09:00,3,0,1,3
2025-06-03T02:38:20,3,0,1,3
2025-06-03T03:07:33,3,0,1,3
2025-06-03T03:36:57,3,0,1,3
2025-06-03T04:06:26,3,0,1,3
2025-06-03T04:39:17,3,0,1,3
2025-06-03T05:08:30,3,0,1,3
2025-06-03T05:37:45,3,0,1,3
2025-06-03T06:07:00,3,0,1,3
2025-06-03T06:36:19,3,0,1,3
2025-06-03T07:05:35,3,0,1,3
2025-06-03T07:34:48,3,0,1,3
2025-06-03T08:04:08,3,0,1,3
2025-06-03T08:33:20,3,0,1,3
2025-06-03T09:02:33,3,0,1,3
2025-06-03T09:31:46,3,0,1,3
2025-06-03T10:01:10,3,0,1,3
2025-06-03T10:30:24,3,0,1,3
2025-06-03T10:59:46,3,0,1,3
2025-06-03T11:29:00,3,0,1,3
2025-06-03T11:58:23,3,0,1,3
2025-06-03T12:27:50,3,0,1,3
2025-06-03T12:57:02,3,0,1,3
2025-06-03T13:26:26,3,0,1,3
2025-06-03T13:55:55,3,0,1,3
2025-06-03T14:25:16,3,0,1,3
2025-06-03T14:54:49,3,0,1,3
2025-06-03T15:24:23,3,0,1,3
2025-06-03T15:53:49,3,0,1,3
2025-06-03T16:23:53,3,0,1,3
2025-06-03T16:53:57,3,0,1,3
2025-06-03T17:23:51,3,0,1,3
2025-06-03T17:53:56,3,0,1,3
2025-06-03T18:23:50,3,0,1,3
2025-06-03T18:53:53,3,0,1,3
2025-06-03T19:23:46,3,0,1,3
2025-06-03T19:53:48,3,0,1,3
2025-06-03T20:23:41,3,0,1,3
2025-06-03T20:53:44,3,0,1,3
2025-06-03T21:23:37,3,0,1,3
2025-06-03T21:53:38,3,0,1,3
2025-06-03T22:23:30,3,0,1,3
2025-06-03T22:53:34,3,0,1,3
2025-06-03T23:23:26,3,0,1,3
2025-06-03T23:53:19,3,0,1,3
2025-06-04T00:23:13,3,0,1,3
2025-06-04T00:53:20,3,0,1,3
2025-06-04T01:23:16,3,0,1,3
2025-06-04T01:53:12,3,0,1,3
2025-06-04T02:23:15,3,0,1,3
2025-06-04T02:53:21,3,0,1,3
2025-06-04T03:23:15,3,0,1,3
2025-06-04T03:53:09,3,0,1,3
2025-06-04T04:47:24,3,0,1,3
2025-06-04T05:17:20,3,0,1,3
2025-06-04T05:47:15,3,0,1,3
2025-06-04T06:17:29,3,0,1,3
2025-06-04T06:47:26,3,0,1,3
2025-06-04T07:17:23,3,0,1,3
2025-06-04T07:47:18,3,0,1,3
2025-06-04T08:17:13,3,0,1,3
2025-06-04T08:47:16,3,0,1,3
2025-06-04T09:17:11,3,0,1,3
2025-06-04T09:47:05,3,0,1,3
2025-06-04T10:17:11,3,0,1,3
2025-06-04T10:47:16,3,0,1,3
2025-06-04T11:17:15,3,0,1,3
2025-06-04T11:47:22,3,0,1,3
2025-06-04T12:17:42,3,0,1,3
2025-06-04T12:47:51,3,0,1,3
2025-06-04T13:17:57,3,0,1,3
2025-06-04T13:47:52,3,0,1,3
2025-06-04T14:06:31,3,0,1,3
2025-06-04T14:36:39,3,0,1,3
2025-06-04T15:06:34,3,0,1,3
2025-06-04T15:36:42,3,0,1,3
2025-06-04T16:06:50,3,0,1,3
2025-06-04T16:36:51,3,0,1,3
2025-06-04T17:06:58,3,0,1,3
2025-06-04T17:37:08,3,0,1,3
2025-06-04T18:07:08,3,0,1,3
2025-06-04T18:37:16,3,0,1,3
2025-06-04T19:07:22,3,0,1,3
2025-06-04T19:37:18,3,0,1,3
2025-06-04T20:07:23,3,0,1,3
2025-06-04T20:37:18,3,0,1,3
2025-06-04T21:07:24,3,0,1,3
2025-06-04T21:37:19,3,0,1,3
2025-06-04T22:07:17,3,0,1,3
2025-06-04T22:37:23,3,0,1,3
2025-06-04T23:07:19,3,0,1,3
2025-06-04T23:37:27,3,0,1,3
2025-06-05T00:07:22,3,0,1,3
2025-06-05T00:37:21,3,0,1,3
2025-06-05T01:07:32,3,0,1,3
2025-06-05T01:37:29,3,0,1,3
2025-06-05T02:07:28,3,0,1,3
2025-06-05T02:37:26,3,0,1,3
2025-06-05T03:07:23,3,0,1,3
2025-06-05T03:37:38,3,0,1,3
2025-06-05T04:07:36,3,0,1,3
2025-06-05T04:40:30,3,0,1,3
2025-06-05T05:10:28,3,0,1,3
2025-06-05T05:40:27,3,0,1,3
2025-06-05T06:10:29,3,0,1,3
2025-06-05T06:40:27,3,0,1,3
2025-06-05T07:10:26,3,0,1,3
2025-06-05T07:40:22,3,0,1,3
2025-06-05T08:10:19,3,0,1,3
2025-06-05T08:40:24,3,0,1,3
2025-06-05T09:10:19,3,0,1,3
2025-06-05T09:40:13,3,0,1,3
2025-06-05T10:10:20,3,0,1,3
2025-06-05T10:40:15,3,0,1,3
2025-06-05T11:10:21,3,0,1,3
2025-06-05T11:40:19,3,0,1,3
2025-06-05T12:10:25,3,0,1,3
2025-06-05T12:40:30,3,0,1,3
2025-06-05T13:10:25,3,0,1,3
2025-06-05T13:40:30,3,0,1,3
2025-06-05T14:10:25,3,0,1,3
2025-06-05T14:40:30,3,0,2,3
2025-06-05T15:10:35,3,0,2,3
2025-06-05T15:40:29,3,0,2,3
2025-06-05T16:10:34,3,0,2,3
2025-06-05T16:40:29,3,0,2,3
2025-06-05T17:10:34,3,0,2,3
2025-06-05T17:40:29,3,0,2,3
2025-06-05T18:10:35,3,0,2,3
2025-06-05T18:40:30,3,0,2,3
2025-06-05T19:10:23,3,0,2,3
2025-06-05T19:40:27,3,0,2,3
2025-06-05T20:10:22,3,0,2,3
2025-06-05T20:40:16,3,0,2,3
2025-06-05T21:10:21,3,0,2,3
2025-06-05T21:40:15,3,0,2,3
2025-06-05T22:10:09,3,0,2,3
2025-06-05T22:40:14,3,0,2,3
2025-06-05T23:10:09,3,0,2,3
2025-06-05T23:40:04,3,0,2,3
2025-06-06T00:10:00,3,0,2,3
2025-06-06T00:40:10,3,0,2,3
2025-06-06T01:10:09,3,0,2,3
2025-06-06T01:40:08,3,0,2,3
2025-06-06T02:10:10,3,0,2,3
2025-06-06T02:40:20,3,0,2,3
2025-06-06T03:10:33,3,0,2,3
2025-06-06T03:40:32,3,0,2,3
2025-06-06T04:10:31,3,0,2,3
2025-06-06T04:50:50,3,0,2,3
2025-06-06T05:20:48,3,0,2,3
2025-06-06T05:50:47,3,0,2,3
2025-06-06T06:20:46,3,0,2,3
2025-06-06T06:50:46,3,0,2,3
2025-06-06T07:20:47,3,0,2,3
2025-06-06T07:50:43,3,0,2,3
2025-06-06T08:20:40,3,0,2,3
2025-06-06T08:50:44,3,0,2,3
2025-06-06T09:20:37,3,0,2,3
2025-06-06T09:50:32,3,0,2,3
2025-06-06T10:20:31,3,0,2,3
2025-06-06T10:50:37,3,0,2,3
2025-06-06T11:20:32,3,0,2,3
2025-06-06T11:50:29,3,0,2,3
2025-06-06T12:20:37,3,0,2,3
2025-06-06T12:50:33,3,0,2,3
2025-06-06T13:20:40,3,0,2,3
2025-06-06T13:50:36,3,0,2,3
2025-06-06T14:20:35,3,0,2,3
2025-06-06T14:50:40,3,0,2,3
2025-06-06T15:20:37,3,0,2,3
2025-06-06T15:50:45,3,0,2,3
2025-06-06T16:20:41,3,0,2,3
2025-06-06T16:50:38,3,0,2,3
2025-06-06T17:20:45,3,0,2,3
2025-06-06T17:50:42,3,0,2,3
2025-06-06T18:20:38,3,0,2,3
2025-06-06T18:50:34,3,0,2,3
2025-06-06T19:20:41,3,0,2,3
2025-06-06T19:50:37,3,0,2,3
2025-06-06T20:20:36,3,0,2,3
2025-06-06T20:50:32,3,0,2,3
2025-06-06T21:20:39,3,0,2,3
2025-06-06T21:50:35,3,0,2,3
2025-06-06T22:20:33,3,0,2,3
2025-06-06T22:50:30,3,0,2,3
2025-06-06T23:20:37,3,0,2,3
2025-06-06T23:50:35,3,0,2,3
2025-06-07T00:20:35,3,0,2,3
2025-06-07T00:50:39,3,0,2,3
2025-06-07T01:20:51,3,0,2,3
2025-06-07T01:50:51,3,0,2,3
2025-06-07T02:20:50,3,0,2,3
2025-06-07T02:50:48,3,0,2,3
2025-06-07T03:20:58,3,0,2,3
2025-06-07T03:50:57,3,0,2,3
2025-06-07T04:41:48,3,0,2,3
2025-06-07T05:11:49,3,0,2,3
2025-06-07T05:41:52,3,0,2,3
2025-06-07T06:11:53,3,0,2,3
2025-06-07T06:42:01,3,0,2,3
2025-06-07T07:12:04,3,0,2,3
2025-06-07T07:42:02,3,0,2,3
2025-06-07T08:12:00,3,0,2,3
2025-06-07T08:41:58,3,0,2,3
2025-06-07T09:11:55,3,0,2,3
2025-06-07T09:42:01,3,0,2,3
2025-06-07T10:11:57,3,0,2,3
2025-06-07T10:41:52,3,0,2,3
2025-06-07T11:11:50,3,0,2,3
2025-06-07T11:41:46,3,0,2,3
2025-06-07T12:11:42,3,0,2,3
2025-06-07T12:41:48,3,0,2,3
2025-06-07T13:11:44,3,0,2,3
2025-06-07T13:41:40,3,0,2,3
2025-06-07T14:11:39,3,0,2,3
2025-06-07T14:41:44,3,0,2,3
2025-06-07T15:11:40,3,0,2,3
2025-06-07T15:41:39,3,0,2,3
2025-06-07T16:11:47,3,0,2,3
2025-06-07T16:41:43,3,0,2,3
2025-06-07T17:11:40,3,0,2,3
2025-06-07T17:41:37,3,0,2,3
2025-06-07T18:11:47,3,0,2,3
2025-06-07T18:41:48,3,0,2,3
2025-06-07T19:11:45,3,0,2,3
2025-06-07T19:41:42,3,0,2,3
2025-06-07T20:11:40,3,0,2,3
2025-06-07T20:41:47,3,0,2,3
2025-06-07T21:11:44,3,0,2,3
2025-06-07T21:41:42,3,0,2,3
2025-06-07T22:11:40,3,0,2,3
2025-06-07T22:41:39,3,0,2,3
2025-06-07T23:11:47,3,0,2,3
2025-06-07T23:41:44,3,0,2,3
2025-06-08T00:11:45,3,0,2,3
2025-06-08T00:41:49,3,0,2,3
2025-06-08T01:11:52,3,0,2,3
2025-06-08T01:41:52,3,0,2,3
2025-06-08T02:12:03,3,0,2,3
2025-06-08T02:42:12,3,0,2,3
2025-06-08T03:12:14,3,0,2,3
2025-06-08T03:42:13,3,0,2,3
2025-06-08T04:12:16,3,0,2,3
2025-06-08T04:43:42,3,0,2,3
2025-06-08T05:13:40,3,0,2,3
2025-06-08T05:43:40,3,0,2,3
2025-06-08T06:13:42,3,0,2,3
2025-06-08T06:43:45,3,0,2,3
2025-06-08T07:13:44,3,0,2,3
2025-06-08T07:43:47,3,0,2,3
2025-06-08T08:13:55,3,0,2,3
2025-06-08T08:43:54,3,0,2,3
2025-06-08T09:13:52,3,0,2,3
2025-06-08T09:43:50,3,0,2,3
2025-06-08T10:13:49,3,0,2,3
2025-06-08T10:43:48,3,0,2,3
2025-06-08T11:13:47,3,0,2,3
2025-06-08T11:43:45,3,0,2,3
2025-06-08T12:13:52,3,0,2,3
2025-06-08T12:43:49,3,0,2,3
2025-06-08T13:13:45,3,0,2,3
2025-06-08T13:43:51,3,0,2,3
2025-06-08T14:13:47,3,0,2,3
2025-06-08T14:43:43,3,0,2,3
2025-06-08T15:13:40,3,0,2,3
2025-06-08T15:43:45,3,0,2,3
2025-06-08T16:13:42,3,0,2,3
2025-06-08T16:43:38,3,0,2,3
2025-06-08T17:13:36,3,0,2,3
2025-06-08T17:43:41,3,0,2,3
2025-06-08T18:13:37,3,0,2,3
2025-06-08T18:43:35,3,0,2,3
2025-06-08T19:13:32,3,0,2,3
2025-06-08T19:43:38,3,0,2,3
2025-06-08T20:13:56,3,0,2,3
2025-06-08T20:43:54,3,0,2,3
2025-06-08T21:13:50,3,0,2,3
2025-06-08T21:44:01,3,0,2,3
2025-06-08T22:14:00,3,0,2,3
2025-06-08T22:43:58,3,0,2,3
2025-06-08T23:14:04,3,0,2,3
2025-06-08T23:44:02,3,0,2,3
2025-06-09T00:14:02,3,0,2,3
2025-06-09T00:44:03,3,0,2,3
2025-06-09T01:14:24,3,0,2,3
2025-06-09T01:44:33,3,0,2,3
2025-06-09T02:14:41,3,0,2,3
2025-06-09T02:44:51,3,0,2,3
2025-06-09T03:14:50,3,0,2,3
2025-06-09T03:44:47,3,0,2,3
2025-06-09T04:43:25,3,0,2,3
2025-06-09T05:13:44,3,0,2,3
2025-06-09T05:43:46,3,0,2,3
2025-06-09T06:13:47,3,0,2,3
2025-06-09T06:43:51,3,0,2,3
2025-06-09T07:13:53,3,0,2,3
2025-06-09T07:43:50,3,0,2,3
2025-06-09T08:13:56,3,0,2,3
2025-06-09T08:43:53,3,0,2,3
2025-06-09T09:13:50,3,0,2,3
2025-06-09T09:43:46,3,0,2,3
2025-06-09T10:13:56,3,0,2,3
2025-06-09T10:43:53,3,0,2,3
2025-06-09T11:13:49,3,0,2,3
2025-06-09T11:43:55,3,0,2,3
2025-06-09T12:13:52,3,0,2,3
2025-06-09T12:44:01,3,0,2,3
2025-06-09T13:13:59,3,0,2,3
2025-06-09T13:43:56,3,0,2,3
2025-06-09T14:14:05,3,0,2,3
2025-06-09T14:44:02,3,0,2,3
2025-06-09T15:14:03,3,0,2,3
2025-06-09T15:44:10,3,0,2,3
2025-06-09T16:14:08,3,0,2,3
2025-06-09T16:44:15,3,0,2,3
2025-06-09T17:14:13,3,0,2,3
2025-06-09T17:44:11,3,0,2,3
2025-06-09T18:14:19,3,0,2,3
2025-06-09T18:44:16,3,0,2,3
2025-06-09T19:14:13,3,0,2,3
2025-06-09T19:44:20,3,0,2,3
2025-06-09T20:14:17,3,0,2,3
2025-06-09T20:44:14,3,0,2,3
2025-06-09T21:14:14,3,0,2,3
2025-06-09T21:44:22,3,0,2,3
2025-06-09T22:14:20,3,0,2,3
2025-06-09T22:44:18,3,0,2,3
2025-06-09T23:14:19,3,0,2,3
2025-06-09T23:44:26,3,0,2,3
2025-06-10T00:14:25,3,0,2,3
2025-06-10T00:44:29,3,0,2,3
2025-06-10T01:14:34,3,0,2,3
2025-06-10T01:44:48,3,0,2,3
2025-06-10T02:14:50,3,0,2,3
2025-06-10T02:44:52,3,0,2,3
2025-06-10T03:14:51,3,0,2,3
2025-06-10T03:44:53,3,0,2,3
2025-06-10T04:14:53,3,0,2,3
2025-06-10T04:50:00,3,0,2,3
2025-06-10T05:20:01,3,0,2,3
2025-06-10T05:50:01,3,0,2,3
2025-06-10T06:20:06,3,0,2,3
2025-06-10T06:50:11,3,0,2,3
2025-06-10T07:20:13,3,0,2,3
2025-06-10T07:50:20,3,0,2,3
2025-06-10T08:20:18,3,0,2,3
2025-06-10T08:50:18,3,0,2,3
2025-06-10T09:20:16,3,0,2,3
2025-06-10T09:50:27,3,0,2,3
2025-06-10T10:20:26,3,0,2,3
2025-06-10T10:50:25,3,0,2,3
2025-06-10T11:20:23,3,0,2,3
2025-06-10T11:50:31,3,0,2,3
2025-06-10T12:20:28,3,0,2,3
2025-06-10T12:50:36,3,0,2,3
2025-06-10T13:20:33,3,0,2,3
2025-06-10T13:50:31,3,0,2,3
2025-06-10T14:20:42,3,0,2,3
2025-06-10T14:50:39,3,0,2,3
2025-06-10T15:20:37,3,0,2,3
2025-06-10T15:50:46,3,0,2,3
2025-06-10T16:20:43,3,0,2,3
2025-06-10T16:50:41,3,0,2,3
2025-06-10T17:20:49,3,0,2,3
2025-06-10T17:50:49,3,0,2,3
2025-06-10T18:20:50,3,0,2,3
2025-06-10T18:50:58,3,0,2,3
2025-06-10T19:20:56,3,0,2,3
2025-06-10T19:50:54,3,0,2,3
2025-06-10T20:20:50,3,0,2,3
2025-06-10T20:50:58,3,0,2,3
2025-06-10T21:20:55,3,0,2,3
2025-06-10T21:50:52,3,0,2,3
2025-06-10T22:20:51,3,0,2,3
2025-06-10T22:50:59,3,0,2,3
2025-06-10T23:20:57,3,0,2,3
2025-06-10T23:50:55,3,0,2,3
2025-06-11T00:20:57,3,0,2,3
2025-06-11T00:50:59,3,0,2,3
2025-06-11T01:21:13,3,0,2,3
2025-06-11T01:51:17,3,0,2,3
2025-06-11T02:21:21,3,0,2,3
2025-06-11T02:51:26,3,0,2,3
2025-06-11T03:21:30,3,0,2,3
2025-06-11T03:51:30,3,0,2,3
2025-06-11T04:40:22,3,0,2,3
2025-06-11T05:12:17,3,0,2,3
2025-06-11T05:42:18,3,0,2,3
2025-06-11T06:12:23,3,0,2,3
2025-06-11T06:42:24,3,0,2,3
2025-06-11T07:12:28,3,0,2,3
2025-06-11T07:42:27,3,0,2,3
2025-06-11T08:12:26,3,0,2,3
2025-06-11T08:42:33,3,0,2,3
2025-06-11T09:12:30,3,0,2,3
2025-06-11T09:42:29,3,0,2,3
2025-06-11T10:12:26,3,0,2,3
2025-06-11T10:42:35,3,0,2,3
2025-06-11T11:12:34,3,0,2,3
2025-06-11T11:42:34,3,0,2,3
2025-06-11T12:12:40,3,0,2,3
2025-06-11T12:42:38,3,0,2,3
2025-06-11T13:12:49,3,0,2,3
2025-06-11T13:42:46,3,0,2,3
2025-06-11T14:12:44,3,0,2,3
2025-06-11T14:42:55,2,1,2,3
2025-06-11T15:12:55,2,1,2,3
2025-06-11T15:43:07,2,1,2,3
2025-06-11T16:13:08,2,1,2,3
2025-06-11T16:43:09,2,1,2,3
2025-06-11T17:13:18,2,1,2,3
2025-06-11T17:43:17,2,1,2,3
2025-06-11T18:13:17,2,1,2,3
2025-06-11T18:43:26,2,1,2,3
2025-06-11T19:13:25,2,1,2,3
2025-06-11T19:43:26,2,1,2,3
2025-06-11T20:13:23,2,1,2,3
2025-06-11T20:43:33,2,1,2,3
2025-06-11T21:13:32,2,1,2,3
2025-06-11T21:43:32,2,1,2,3
2025-06-11T22:13:30,2,1,2,3
2025-06-11T22:43:40,3,0,1,3
2025-06-11T23:13:39,3,0,1,3
2025-06-11T23:43:40,3,0,1,3
2025-06-12T00:13:42,3,0,1,3
2025-06-12T00:43:56,3,0,1,3
2025-06-12T01:14:00,3,0,1,3
2025-06-12T01:44:04,3,0,1,3
2025-06-12T02:14:08,3,0,1,3
2025-06-12T02:44:12,3,0,1,3
2025-06-12T03:14:11,3,0,1,3
2025-06-12T03:44:34,3,0,1,3
2025-06-12T04:40:05,3,0,1,3
2025-06-12T05:10:06,3,0,1,3
2025-06-12T05:40:07,3,0,1,3
2025-06-12T06:10:11,3,0,1,3
2025-06-12T06:40:13,3,0,1,3
2025-06-12T07:10:16,3,0,1,3
2025-06-12T07:40:17,3,0,1,3
2025-06-12T08:10:24,3,0,1,3
2025-06-12T08:40:24,3,0,1,3
2025-06-12T09:10:23,3,0,1,3
2025-06-12T09:40:22,3,0,1,3
2025-06-12T10:10:23,3,0,1,3
2025-06-12T10:40:33,3,0,1,3
2025-06-12T11:10:34,3,0,1,3
2025-06-12T11:40:47,3,0,1,3
2025-06-12T12:10:47,3,0,1,3
2025-06-12T12:40:57,3,0,1,3
2025-06-12T13:10:55,3,0,1,3
2025-06-12T13:40:54,3,0,1,3
2025-06-12T14:11:05,3,0,1,3
2025-06-12T14:41:04,3,0,1,3
2025-06-12T15:11:03,3,0,1,3
2025-06-12T15:41:15,3,0,1,3
2025-06-12T16:11:14,3,0,1,3
2025-06-12T16:41:12,3,0,1,3
2025-06-12T17:11:23,3,0,1,3
2025-06-12T17:41:22,3,0,1,3
2025-06-12T18:11:22,3,0,1,3
2025-06-12T18:41:33,3,0,1,3
2025-06-12T19:11:32,3,0,1,3
2025-06-12T19:41:31,3,0,1,3
2025-06-12T20:11:41,3,0,1,3
2025-06-12T20:41:40,3,0,1,3
2025-06-12T21:11:39,3,0,1,3
2025-06-12T21:41:38,3,0,1,3
2025-06-12T22:11:50,3,0,1,3
2025-06-12T22:41:51,3,0,1,3
2025-06-12T23:11:52,3,0,1,3
2025-06-12T23:41:52,3,0,1,3
2025-06-13T00:12:04,3,0,1,3
2025-06-13T00:42:06,3,0,1,3
2025-06-13T01:12:10,3,0,1,3
2025-06-13T01:43:18,3,0,1,3
2025-06-13T02:13:16,3,0,1,3
2025-06-13T02:43:25,3,0,1,3
2025-06-13T03:13:20,3,0,1,3
2025-06-13T03:43:16,3,0,1,3
2025-06-13T04:13:13,3,0,1,3
2025-06-13T04:47:57,3,0,1,3
2025-06-13T05:17:58,3,0,1,3
2025-06-13T05:48:03,3,0,1,3
2025-06-13T06:18:05,3,0,1,3
2025-06-13T06:48:53,3,0,1,3
2025-06-13T07:18:58,3,0,1,3
2025-06-13T07:49:07,3,0,1,3
2025-06-13T08:19:06,3,0,1,3
2025-06-13T08:49:05,3,0,1,3
2025-06-13T09:19:04,3,0,1,3
2025-06-13T09:49:02,3,0,1,3
2025-06-13T10:19:12,3,0,1,3
2025-06-13T10:49:10,3,0,1,3
2025-06-13T11:19:21,3,0,1,3
2025-06-13T11:49:21,3,0,1,3
2025-06-13T12:19:20,3,0,1,3
2025-06-13T12:49:28,3,0,1,3
2025-06-13T13:19:27,3,0,1,3
2025-06-13T13:49:37,3,0,1,3
2025-06-13T14:19:36,3,0,1,3
2025-06-13T14:49:35,3,0,1,3
2025-06-13T15:19:33,3,0,1,3
2025-06-13T15:49:45,3,0,1,3
2025-06-13T16:19:44,3,0,1,3
2025-06-13T16:49:54,3,0,1,3
2025-06-13T17:19:53,3,0,1,3
2025-06-13T17:49:51,3,0,1,3
2025-06-13T18:20:03,3,0,1,3
2025-06-13T18:50:03,3,0,1,3
2025-06-13T19:20:02,3,0,1,3
2025-06-13T19:50:00,3,0,1,3
2025-06-13T20:20:11,3,0,1,3
2025-06-13T20:50:09,3,0,1,3
2025-06-13T21:20:07,3,0,1,3
2025-06-13T21:50:06,3,0,1,3
2025-06-13T22:20:04,3,0,1,3
2025-06-13T22:50:15,3,0,1,3
2025-06-13T23:20:15,3,0,1,3
2025-06-13T23:50:14,3,0,1,3
2025-06-14T00:20:17,3,0,1,3
2025-06-14T00:50:33,3,0,1,3
2025-06-14T01:20:37,3,0,1,3
2025-06-14T01:50:40,3,0,1,3
2025-06-14T02:20:45,3,0,1,3
2025-06-14T02:50:48,3,0,1,3
2025-06-14T03:20:50,3,0,1,3
2025-06-14T03:51:13,3,0,1,3
2025-06-14T04:36:30,3,0,1,3
2025-06-14T05:08:15,3,0,1,3
2025-06-14T05:38:19,3,0,1,3
2025-06-14T06:08:23,3,0,1,3
2025-06-14T06:38:26,3,0,1,3
2025-06-14T07:08:40,3,0,1,3
2025-06-14T07:38:41,3,0,1,3
2025-06-14T08:08:41,3,0,1,3
2025-06-14T08:38:43,3,0,1,3
2025-06-14T09:08:42,3,0,1,3
2025-06-14T09:38:54,3,0,1,3
2025-06-14T10:08:52,3,0,1,3
2025-06-14T10:38:53,3,0,1,3
2025-06-14T11:08:53,3,0,1,3
2025-06-14T11:39:01,3,0,1,3
2025-06-14T12:09:00,3,0,1,3
2025-06-14T12:39:01,3,0,1,3
2025-06-14T13:09:09,3,0,1,3
2025-06-14T13:39:07,3,0,1,3
2025-06-14T14:09:05,3,0,1,3
2025-06-14T14:39:15,3,0,1,3
2025-06-14T15:09:13,3,0,1,3
2025-06-14T15:39:14,3,0,1,3
2025-06-14T16:09:12,3,0,1,3
2025-06-14T16:39:21,3,0,1,3
2025-06-14T17:09:20,3,0,1,3
2025-06-14T17:39:19,3,0,1,3
2025-06-14T18:09:22,3,0,1,3
2025-06-14T18:39:31,3,0,1,3
2025-06-14T19:09:33,3,0,1,3
2025-06-14T19:39:32,3,0,1,3
2025-06-14T20:09:42,3,0,1,3
2025-06-14T20:39:41,3,0,1,3
2025-06-14T21:09:39,3,0,1,3
2025-06-14T21:39:39,3,0,1,3
2025-06-14T22:09:40,3,0,1,3
2025-06-14T22:39:49,3,0,1,3
2025-06-14T23:09:49,3,0,1,3
2025-06-14T23:39:49,3,0,1,3
2025-06-15T00:09:59,3,0,1,3
2025-06-15T00:40:00,3,0,1,3
2025-06-15T01:14:03,3,0,1,3
2025-06-15T01:44:08,3,0,1,3
2025-06-15T02:14:16,3,0,1,3
2025-06-15T02:44:22,3,0,1,3
2025-06-15T03:14:22,3,0,1,3
2025-06-15T03:44:32,3,0,1,3
2025-06-15T04:35:08,3,0,1,3
2025-06-15T05:05:36,3,0,1,3
2025-06-15T05:36:04,3,0,1,3
2025-06-15T06:06:59,3,0,1,3
2025-06-15T06:37:05,3,0,1,3
2025-06-15T07:07:06,3,0,1,3
2025-06-15T07:37:17,3,0,1,3
2025-06-15T08:07:18,3,0,1,3
2025-06-15T08:37:20,3,0,1,3
2025-06-15T09:07:24,3,0,1,3
2025-06-15T09:37:27,3,0,1,3
2025-06-15T10:07:39,3,0,1,3
2025-06-15T10:37:41,3,0,1,3
2025-06-15T11:07:40,3,0,1,3
2025-06-15T11:37:40,3,0,1,3
2025-06-15T12:07:47,3,0,1,3
2025-06-15T12:37:46,3,0,1,3
2025-06-15T13:07:54,3,0,1,3
2025-06-15T13:37:51,3,0,1,3
2025-06-15T14:07:49,3,0,1,3
2025-06-15T14:37:47,3,0,1,3
2025-06-15T15:07:55,3,0,1,3
2025-06-15T15:37:53,3,0,1,3
2025-06-15T16:08:01,3,0,1,3
2025-06-15T16:37:58,3,0,1,3
2025-06-15T17:08:07,3,0,1,3
2025-06-15T17:38:06,3,0,1,3
2025-06-15T18:08:05,3,0,1,3
2025-06-15T18:38:04,3,0,1,3
2025-06-15T19:08:13,3,0,1,3
2025-06-15T19:38:12,3,0,1,3
2025-06-15T20:08:11,3,0,1,3
2025-06-15T20:38:21,3,0,1,3
2025-06-15T21:08:19,3,0,1,3
2025-06-15T21:38:20,3,0,1,3
2025-06-15T22:08:30,3,0,1,3
2025-06-15T22:38:29,3,0,1,3
2025-06-15T23:08:27,3,0,1,3
2025-06-15T23:38:39,3,0,1,3
2025-06-16T00:08:39,3,0,1,3
2025-06-16T00:38:43,3,0,1,3
2025-06-16T01:08:58,3,0,1,3
2025-06-16T01:39:01,3,0,1,3
2025-06-16T02:09:03,3,0,1,3
2025-06-16T02:39:07,3,0,1,3
2025-06-16T03:09:08,3,0,1,3
2025-06-16T03:39:08,3,0,1,3
2025-06-16T04:11:20,3,0,1,3
2025-06-16T04:47:57,3,0,1,3
2025-06-16T05:18:01,3,0,1,3
2025-06-16T05:48:03,3,0,1,3
2025-06-16T06:18:06,3,0,1,3
2025-06-16T06:48:15,3,0,1,3
2025-06-16T07:18:16,3,0,1,3
2025-06-16T07:48:26,3,0,1,3
2025-06-16T08:18:25,3,0,1,3
2025-06-16T08:48:25,3,0,1,3
2025-06-16T09:18:24,3,0,1,3
2025-06-16T09:48:37,3,0,1,3
2025-06-16T10:18:38,3,0,1,3
2025-06-16T10:48:54,3,0,1,3
2025-06-16T11:18:53,3,0,1,3
2025-06-16T11:49:04,3,0,1,3
2025-06-16T12:19:05,3,0,1,3
2025-06-16T12:49:16,3,0,1,3
2025-06-16T13:19:15,3,0,1,3
2025-06-16T13:49:29,3,0,1,3
2025-06-16T14:19:29,3,0,1,3
2025-06-16T14:49:44,3,0,1,3
2025-06-16T15:19:56,3,0,1,3
2025-06-16T15:49:56,3,0,1,3
2025-06-16T16:20:07,3,0,1,3
2025-06-16T16:50:08,3,0,1,3
2025-06-16T17:20:20,3,0,1,3
2025-06-16T17:50:20,3,0,1,3
2025-06-16T18:20:32,3,0,1,3
2025-06-16T18:50:32,3,0,1,3
2025-06-16T19:20:43,3,0,1,3
2025-06-16T19:50:43,3,0,1,3
2025-06-16T20:20:53,3,0,1,3
2025-06-16T20:50:53,3,0,1,3
2025-06-16T21:21:06,3,0,1,3
2025-06-16T21:51:06,3,0,1,3
2025-06-16T22:21:05,3,0,1,3
2025-06-16T22:51:18,3,0,1,3
2025-06-16T23:21:17,3,0,1,3
2025-06-16T23:51:30,3,0,1,3
2025-06-17T00:21:33,3,0,1,3
2025-06-17T00:51:49,3,0,1,3
2025-06-17T01:21:52,3,0,1,3
2025-06-17T01:51:58,3,0,1,3
2025-06-17T02:22:00,3,0,1,3
2025-06-17T02:52:26,3,0,1,3
2025-06-17T03:22:38,3,0,1,3
2025-06-17T03:52:39,3,0,1,3
2025-06-17T04:50:00,3,0,1,3
2025-06-17T05:20:01,3,0,1,3
2025-06-17T05:50:04,3,0,1,3
2025-06-17T06:20:08,3,0,1,3
2025-06-17T06:50:11,3,0,1,3
2025-06-17T07:20:21,3,0,1,3
2025-06-17T07:50:22,3,0,1,3
2025-06-17T08:20:22,3,0,1,3
2025-06-17T08:50:24,3,0,1,3
2025-06-17T09:20:34,3,0,1,3
2025-06-17T09:50:33,3,0,1,3
2025-06-17T10:20:44,3,0,1,3
2025-06-17T10:50:57,3,0,1,3
2025-06-17T11:20:57,3,0,1,3
2025-06-17T11:51:08,3,0,1,3
2025-06-17T12:21:08,3,0,1,3
2025-06-17T12:51:15,3,0,1,3
2025-06-17T13:21:24,3,0,1,3
2025-06-17T13:51:20,3,0,1,3
2025-06-17T14:21:31,3,0,1,3
2025-06-17T14:51:39,3,0,1,3
2025-06-17T15:21:36,3,0,1,3
2025-06-17T15:51:52,3,0,1,3
2025-06-17T16:22:04,3,0,1,3
2025-06-17T16:52:13,3,0,1,3
2025-06-17T17:22:15,3,0,1,3
2025-06-17T17:52:28,3,0,1,3
2025-06-17T18:22:40,3,0,1,3
2025-06-17T18:52:40,3,0,1,3
2025-06-17T19:22:53,3,0,1,3
2025-06-17T19:53:04,3,0,1,3
2025-06-17T20:23:05,3,0,1,3
2025-06-17T20:53:18,3,0,1,3
2025-06-17T21:23:18,3,0,1,3
2025-06-17T21:53:32,3,0,1,3
2025-06-17T22:23:33,3,0,1,3
2025-06-17T22:53:49,3,0,1,3
2025-06-17T23:23:53,3,0,1,3
2025-06-17T23:54:07,3,0,1,3
2025-06-18T00:24:30,3,0,1,3
2025-06-18T00:54:37,3,0,1,3
2025-06-18T01:24:57,3,0,1,3
2025-06-18T01:55:10,3,0,1,3
2025-06-18T02:25:15,3,0,1,3
2025-06-18T02:55:29,3,0,1,3
2025-06-18T03:25:33,3,0,1,3
2025-06-18T03:55:36,3,0,1,3
2025-06-18T04:38:11,3,0,1,3
2025-06-18T05:08:15,3,0,1,3
2025-06-18T05:38:17,3,0,1,3
2025-06-18T06:08:21,3,0,1,3
2025-06-18T06:38:25,3,0,1,3
2025-06-18T07:08:38,3,0,1,3
2025-06-18T07:38:41,3,0,1,3
2025-06-18T08:08:54,3,0,1,3
2025-06-18T08:38:56,3,0,1,3
2025-06-18T09:09:09,3,0,1,3
2025-06-18T09:39:12,3,0,1,3
2025-06-18T10:09:28,3,0,1,3
2025-06-18T10:39:31,3,0,1,3
2025-06-18T11:09:45,3,0,1,3
2025-06-18T11:40:04,3,0,1,3
2025-06-18T12:10:11,3,0,1,3
2025-06-18T12:40:25,3,0,1,3
2025-06-18T13:10:44,3,0,1,3
2025-06-18T13:41:00,3,0,1,3
2025-06-18T14:11:04,3,0,1,3
2025-06-18T14:41:17,3,0,1,3
2025-06-18T15:11:21,3,0,1,3
2025-06-18T15:41:35,3,0,1,3
2025-06-18T16:11:51,3,0,1,3
2025-06-18T16:41:54,3,0,1,3
2025-06-18T17:12:09,3,0,1,3
2025-06-18T17:42:14,3,0,1,3
2025-06-18T18:12:28,3,0,1,3
2025-06-18T18:42:30,3,0,1,3
2025-06-18T19:12:35,3,0,1,3
2025-06-18T19:42:48,3,0,1,3
2025-06-18T20:13:03,3,0,1,3
2025-06-18T20:43:08,3,0,1,3
2025-06-18T21:13:13,3,0,1,3
2025-06-18T21:43:25,3,0,1,3
2025-06-18T22:13:32,3,0,1,3
2025-06-18T22:43:37,3,0,1,3
2025-06-18T23:13:50,3,0,1,3
2025-06-18T23:43:56,3,0,1,3
2025-06-19T00:14:03,3,0,1,3
2025-06-19T00:44:49,3,0,1,3
2025-06-19T01:15:19,3,0,1,3
2025-06-19T01:45:24,3,0,1,3
2025-06-19T02:15:30,3,0,1,3
2025-06-19T02:45:46,3,0,1,3
2025-06-19T03:16:04,3,0,1,3
2025-06-19T03:46:08,3,0,1,3
2025-06-19T04:16:12,3,0,1,3
2025-06-19T04:50:50,3,0,1,3
2025-06-19T05:20:53,3,0,1,3
2025-06-19T05:51:00,3,0,1,3
2025-06-19T06:21:05,3,0,1,3
2025-06-19T06:51:09,3,0,1,3
2025-06-19T07:21:12,3,0,1,3
2025-06-19T07:51:26,3,0,1,3
2025-06-19T08:21:26,3,0,1,3
2025-06-19T08:51:27,3,0,1,3
2025-06-19T09:21:28,3,0,1,3
2025-06-19T09:51:29,3,0,1,3
2025-06-19T10:21:41,3,0,1,3
2025-06-19T10:51:42,3,0,1,3
2025-06-19T11:21:43,3,0,1,3
2025-06-19T11:51:54,3,0,1,3
2025-06-19T12:21:57,3,0,1,3
2025-06-19T12:52:06,3,0,1,3
2025-06-19T13:22:07,3,0,1,3
2025-06-19T13:52:08,3,0,1,3
2025-06-19T14:22:20,3,0,1,3
2025-06-19T14:52:21,3,0,1,3
2025-06-19T15:22:21,3,0,1,3
2025-06-19T15:52:33,3,0,1,3
2025-06-19T16:22:34,3,0,1,3
2025-06-19T16:52:45,3,0,1,3
2025-06-19T17:22:47,3,0,1,3
2025-06-19T17:52:48,3,0,1,3
2025-06-19T18:22:50,3,0,1,3
2025-06-19T18:53:01,3,0,1,3
2025-06-19T19:23:02,3,0,1,3
2025-06-19T19:53:03,3,0,1,3
2025-06-19T20:23:15,3,0,1,3
2025-06-19T20:53:16,3,0,1,3
2025-06-19T21:23:17,3,0,1,3
2025-06-19T21:53:29,3,0,1,3
2025-06-19T22:23:30,3,0,1,3
2025-06-19T22:53:32,3,0,1,3
2025-06-19T23:23:48,3,0,1,3
2025-06-19T23:53:50,3,0,1,3
2025-06-20T00:24:09,3,0,1,3
2025-06-20T00:54:44,3,0,1,3
2025-06-20T01:25:00,3,0,1,3
2025-06-20T01:55:05,3,0,1,3
2025-06-20T02:25:10,3,0,1,3
2025-06-20T02:55:12,3,0,1,3
2025-06-20T03:25:14,3,0,1,3
2025-06-20T03:55:29,3,0,1,3
2025-06-20T04:45:26,3,0,1,3
2025-06-20T05:15:47,3,0,1,3
2025-06-20T05:45:52,3,0,1,3
2025-06-20T06:15:57,3,0,1,3
2025-06-20T06:46:02,3,0,1,3
2025-06-20T07:16:06,3,0,1,3
2025-06-20T07:46:11,3,0,1,3
2025-06-20T08:16:12,3,0,1,3
2025-06-20T08:46:23,3,0,1,3
2025-06-20T09:16:25,3,0,1,3
2025-06-20T09:46:25,3,0,1,3
2025-06-20T10:16:27,3,0,1,3
2025-06-20T10:46:42,3,0,1,3
2025-06-20T11:16:44,3,0,1,3
2025-06-20T11:46:46,3,0,1,3
2025-06-20T12:16:59,3,0,1,3
2025-06-20T12:46:59,3,0,1,3
2025-06-20T13:17:13,3,0,1,3
2025-06-20T13:47:15,3,0,1,3
2025-06-20T14:17:16,3,0,1,3
2025-06-20T14:47:29,3,0,1,3
2025-06-20T15:17:30,3,0,1,3
2025-06-20T15:47:47,3,0,1,3
2025-06-20T16:17:50,3,0,1,3
2025-06-20T16:47:51,3,0,1,3
2025-06-20T17:18:04,3,0,1,3
2025-06-20T17:48:05,3,0,1,3
2025-06-20T18:18:07,3,0,1,3
2025-06-20T18:48:08,3,0,1,3
2025-06-20T19:18:19,3,0,1,3
2025-06-20T19:48:19,3,0,1,3
2025-06-20T20:18:20,3,0,1,3
2025-06-20T20:48:21,3,0,1,3
2025-06-20T21:18:31,3,0,1,3
2025-06-20T21:48:32,3,0,1,3
2025-06-20T22:18:33,3,0,1,3
2025-06-20T22:48:44,3,0,1,3
2025-06-20T23:19:31,3,0,1,3
2025-06-20T23:49:33,3,0,1,3
2025-06-21T00:19:48,3,0,1,3
2025-06-21T00:50:43,3,0,1,3
2025-06-21T01:20:52,3,0,1,3
2025-06-21T01:50:58,3,0,1,3
2025-06-21T02:21:03,3,0,1,3
2025-06-21T02:51:08,3,0,1,3
2025-06-21T03:21:50,3,0,1,3
2025-06-21T03:51:56,3,0,1,3
2025-06-21T04:45:42,3,0,1,3
2025-06-21T05:15:46,3,0,1,3
2025-06-21T05:45:49,3,0,1,3
2025-06-21T06:15:55,3,0,1,3
2025-06-21T06:46:00,3,0,1,3
2025-06-21T07:16:13,3,0,1,3
2025-06-21T07:46:16,3,0,1,3
2025-06-21T08:16:19,3,0,1,3
2025-06-21T08:46:20,3,0,1,3
2025-06-21T09:16:21,3,0,1,3
2025-06-21T09:46:32,3,0,1,3
2025-06-21T10:16:32,3,0,1,3
2025-06-21T10:46:33,3,0,1,3
2025-06-21T11:16:33,3,0,1,3
2025-06-21T11:46:44,3,0,1,3
2025-06-21T12:16:45,3,0,1,3
2025-06-21T12:46:45,3,0,1,3
2025-06-21T13:16:48,3,0,1,3
2025-06-21T13:46:58,3,0,1,3
2025-06-21T14:16:58,3,0,1,3
2025-06-21T14:46:58,3,0,1,3
2025-06-21T15:16:59,3,0,1,3
2025-06-21T15:47:10,3,0,1,3
2025-06-21T16:17:11,3,0,1,3
2025-06-21T16:47:12,3,0,1,3
2025-06-21T17:17:14,3,0,1,3
2025-06-21T17:47:24,3,0,1,3
2025-06-21T18:17:24,3,0,1,3
2025-06-21T18:47:26,3,0,1,3
2025-06-21T19:17:27,3,0,1,3
2025-06-21T19:47:37,3,0,1,3
2025-06-21T20:17:38,3,0,1,3
2025-06-21T20:47:38,3,0,1,3
2025-06-21T21:17:39,3,0,1,3
2025-06-21T21:47:40,3,0,1,3
2025-06-21T22:17:51,3,0,1,3
2025-06-21T22:47:52,3,0,1,3
2025-06-21T23:17:55,3,0,1,3
2025-06-21T23:47:57,3,0,1,3
2025-06-22T00:18:14,3,0,1,3
2025-06-22T00:48:23,3,0,1,3
2025-06-22T01:18:29,3,0,1,3
2025-06-22T01:48:33,3,0,1,3
2025-06-22T02:18:50,3,0,1,3
2025-06-22T02:49:16,3,0,1,3
2025-06-22T03:19:22,3,0,1,3
2025-06-22T03:49:26,3,0,1,3
2025-06-25T11:22:40,3,0,1,3
2025-06-25T11:52:43,3,0,1,3
2025-06-25T12:22:48,3,0,1,3
2025-06-25T12:53:03,3,0,1,3
2025-06-25T13:23:06,3,0,1,3
2025-06-25T13:53:09,3,0,1,3
2025-06-25T14:23:24,3,0,1,3
2025-06-25T14:53:28,3,0,1,3
2025-06-25T15:23:31,3,0,1,3
2025-06-25T15:53:47,3,0,1,3
2025-06-25T16:23:51,3,0,1,3
2025-06-25T16:53:55,3,0,1,3
2025-06-25T17:24:09,3,0,1,3
2025-06-25T17:54:12,3,0,1,3
2025-06-25T18:24:15,3,0,1,3
2025-06-25T18:54:31,3,0,1,3
2025-06-25T19:24:34,3,0,1,3
2025-06-25T19:54:37,3,0,1,3
2025-06-25T20:24:40,3,0,1,3
2025-06-25T20:54:53,3,0,1,3
2025-06-25T21:24:56,3,0,1,3
2025-06-25T21:54:59,3,0,1,3
2025-06-25T22:25:02,3,0,1,3
2025-06-25T22:55:15,3,0,1,3
2025-06-25T23:25:17,3,0,1,3
2025-06-25T23:55:20,3,0,1,3
2025-06-26T00:25:28,3,0,1,3
2025-06-26T00:55:46,3,0,1,3
2025-06-26T01:25:53,3,0,1,3
2025-06-26T01:56:01,3,0,1,3
2025-06-26T02:26:07,3,0,1,3
2025-06-26T02:56:14,3,0,1,3
2025-06-26T03:26:32,3,0,1,3
2025-06-26T03:56:39,3,0,1,3
2025-06-26T04:38:48,3,0,1,3
2025-06-26T05:08:53,3,0,1,3
2025-06-26T05:39:01,3,0,1,3
2025-06-26T06:09:11,3,0,1,3
2025-06-26T06:39:18,3,0,1,3
2025-06-26T07:09:40,3,0,1,3
2025-06-26T07:39:45,3,0,1,3
2025-06-26T08:09:49,3,0,1,3
2025-06-26T08:39:53,3,0,1,3
2025-06-26T09:09:57,3,0,1,3
2025-06-26T09:40:13,3,0,1,3
2025-06-26T10:10:16,3,0,1,3
2025-06-26T10:40:19,3,0,1,3
2025-06-26T11:10:24,3,0,1,3
2025-06-26T11:40:37,3,0,1,3
2025-06-26T12:10:40,3,0,1,3
2025-06-26T12:40:43,3,0,1,3
2025-06-26T13:10:46,3,0,1,3
2025-06-26T13:41:02,3,0,1,3
2025-06-26T14:11:04,3,0,1,3
2025-06-26T14:41:08,3,0,1,3
2025-06-26T15:11:29,3,0,1,3
2025-06-26T15:41:32,3,0,1,3
2025-06-26T16:11:38,3,0,1,3
2025-06-26T16:41:51,3,0,1,3
2025-06-26T17:11:54,3,0,1,3
2025-06-26T17:41:57,3,0,1,3
2025-06-26T18:12:01,3,0,1,3
2025-06-26T18:42:25,3,0,1,3
2025-06-26T19:12:28,3,0,1,3
2025-06-26T19:43:56,3,0,1,3
2025-06-26T20:14:51,3,0,1,3
2025-06-26T20:45:50,3,0,1,3
2025-06-26T21:16:40,3,0,1,3
2025-06-26T21:47:46,3,0,1,3
2025-06-26T22:18:37,3,0,1,3
2025-06-26T22:49:24,3,0,1,3
2025-06-26T23:20:00,3,0,1,3
2025-06-26T23:50:49,3,0,1,3
2025-06-27T00:21:21,3,0,1,3
2025-06-27T00:51:51,3,0,1,3
2025-06-27T01:22:37,3,0,1,3
2025-06-27T01:53:27,3,0,1,3
2025-06-27T02:24:28,3,0,1,3
2025-06-27T02:55:23,3,0,1,3
2025-06-27T03:26:14,3,0,1,3
2025-06-27T03:56:49,3,0,1,3
2025-06-27T15:44:28,3,0,1,3
2025-06-27T16:15:05,3,0,1,3
2025-06-27T16:45:55,3,0,1,3
2025-06-27T17:16:21,3,0,1,3
2025-06-27T17:46:48,3,0,1,3
2025-06-27T18:17:35,3,0,1,3
2025-06-27T18:48:14,3,0,1,3
2025-06-27T19:18:33,3,0,1,3
2025-06-27T19:49:07,3,0,1,3
2025-06-27T20:20:04,3,0,1,3
2025-06-27T20:50:37,3,0,1,3
2025-06-27T21:21:22,3,0,1,3
2025-06-27T21:51:45,3,0,1,3
2025-06-27T22:22:22,3,0,1,3
2025-06-27T22:53:11,3,0,1,3
2025-06-27T23:24:07,3,0,1,3
2025-06-27T23:55:14,3,0,1,3
2025-06-28T00:26:23,3,0,1,3
2025-06-28T00:57:16,3,0,1,3
2025-06-28T01:28:09,3,0,1,3
2025-06-28T01:58:31,3,0,1,3
2025-06-28T02:29:10,3,0,1,3
2025-06-28T03:00:21,3,0,1,3
2025-06-28T03:31:51,3,0,1,3
2025-06-28T04:02:49,3,0,1,3
2025-06-28T04:46:06,3,0,1,3
2025-06-28T05:17:12,3,0,1,3
2025-06-28T05:48:07,3,0,1,3
2025-06-28T06:18:51,3,0,1,3
2025-06-28T06:49:14,3,0,1,3
2025-06-28T07:19:38,3,0,1,3
2025-06-28T07:50:40,3,0,1,3
2025-06-28T08:21:07,3,0,1,3
2025-06-28T08:51:25,3,0,1,3
2025-06-28T09:21:49,3,0,1,3
2025-06-28T09:52:04,3,0,1,3
2025-06-28T10:22:29,3,0,1,3
2025-06-28T10:53:16,3,0,1,3
2025-06-28T11:24:24,3,0,1,3
2025-06-28T11:55:07,3,0,1,3
2025-06-28T12:25:39,3,0,1,3
2025-06-28T12:56:23,3,0,1,3
2025-06-28T13:27:18,3,0,1,3
2025-06-28T13:58:12,3,0,1,3
2025-06-28T14:28:45,3,0,1,3
2025-06-28T14:59:29,3,0,1,3
2025-06-28T15:29:57,3,0,1,3
2025-06-28T16:00:27,3,0,1,3
2025-06-28T16:30:56,3,0,1,3
2025-06-28T17:01:51,3,0,1,3
2025-06-28T17:32:51,3,0,1,3
2025-06-28T18:03:24,3,0,1,3
2025-06-28T18:34:15,3,0,1,3
2025-06-28T19:05:04,3,0,1,3
2025-06-28T19:35:39,3,0,1,3
2025-06-28T20:06:41,3,0,1,3
2025-06-28T20:37:18,3,0,1,3
2025-06-28T21:07:45,3,0,1,3
2025-06-28T21:38:30,3,0,1,3
2025-06-28T22:09:00,3,0,1,3
2025-06-28T22:39:23,3,0,1,3
2025-06-28T23:09:53,3,0,1,3
2025-06-28T23:40:46,3,0,1,3
2025-06-29T00:11:34,3,0,1,3
2025-06-29T00:42:11,3,0,1,3
2025-06-29T01:13:23,3,0,1,3
2025-06-29T01:44:19,3,0,1,3
2025-06-29T02:15:01,3,0,1,3
2025-06-29T02:45:38,3,0,1,3
2025-06-29T03:16:21,3,0,1,3
2025-06-29T03:47:06,3,0,1,3
2025-06-29T04:40:53,3,0,1,3
2025-06-29T05:14:00,3,0,1,3
2025-06-29T05:45:14,3,0,1,3
2025-06-29T06:16:07,3,0,1,3
2025-06-29T06:46:56,3,0,1,3
2025-06-29T07:17:20,3,0,1,3
2025-06-29T07:48:25,3,0,1,3
2025-06-29T08:19:11,3,0,1,3
2025-06-29T08:49:40,3,0,1,3
2025-06-29T09:19:54,3,0,1,3
2025-06-29T09:50:26,3,0,1,3
2025-06-29T10:20:54,3,0,1,3
2025-06-29T10:51:34,3,0,1,3
2025-06-29T11:22:17,3,0,1,3
2025-06-29T11:52:43,3,0,1,3
2025-06-29T12:23:06,3,0,1,3
2025-06-29T12:53:38,3,0,1,3
2025-06-29T13:24:01,3,0,1,3
2025-06-29T13:54:43,3,0,1,3
2025-06-29T14:25:25,3,0,1,3
2025-06-29T14:55:52,3,0,1,3
2025-06-29T15:26:16,3,0,1,3
2025-06-29T15:56:35,3,0,1,3
2025-06-29T16:27:10,3,0,1,3
2025-06-29T16:57:42,3,0,1,3
2025-06-29T17:28:14,3,0,1,3
2025-06-29T17:58:43,3,0,1,3
2025-06-29T18:29:20,3,0,1,3
2025-06-29T18:59:31,3,0,1,3
2025-06-29T19:30:11,3,0,1,3
2025-06-29T20:00:57,3,0,1,3
2025-06-29T20:31:28,3,0,1,3
2025-06-29T21:01:56,3,0,1,3
2025-06-29T21:32:53,3,0,1,3
2025-06-29T22:03:20,3,0,1,3
2025-06-29T22:33:44,3,0,1,3
2025-06-29T23:04:03,3,0,1,3
2025-06-29T23:34:23,3,0,1,3
2025-06-30T00:04:52,3,0,1,3
2025-06-30T00:35:11,3,0,1,3
2025-06-30T01:05:36,3,0,1,3
2025-06-30T01:36:10,3,0,1,3
2025-06-30T02:06:49,3,0,1,3
2025-06-30T02:37:37,3,0,1,3
2025-06-30T03:08:16,3,0,1,3
2025-06-30T03:39:06,3,0,1,3
2025-06-30T04:09:41,3,0,1,3
2025-06-30T04:42:50,3,0,1,3
2025-06-30T05:13:24,3,0,1,3
2025-06-30T05:44:02,3,0,1,3
2025-06-30T06:14:53,3,0,1,3
2025-06-30T06:45:15,3,0,1,3
2025-06-30T07:15:44,3,0,1,3
2025-06-30T07:46:16,3,0,1,3
2025-06-30T08:16:57,3,0,1,3
2025-06-30T08:47:49,3,0,1,3
2025-06-30T09:18:15,3,0,1,3
2025-06-30T09:49:01,3,0,1,3
2025-06-30T10:19:58,3,0,1,3
2025-06-30T10:50:52,3,0,1,3
2025-06-30T11:21:57,3,0,1,3
2025-06-30T11:52:44,3,0,1,3
2025-06-30T12:23:02,3,0,1,3
2025-06-30T12:53:45,3,0,1,3
2025-06-30T13:24:21,3,0,1,3
2025-06-30T13:55:21,3,0,1,3
2025-06-30T14:26:42,3,0,1,3
2025-06-30T14:57:16,3,0,1,3
2025-06-30T15:27:39,3,0,1,3
2025-06-30T15:58:17,3,0,1,3
2025-06-30T16:28:56,3,0,1,3
2025-06-30T17:00:07,3,0,1,3
2025-06-30T17:30:57,3,0,1,3
2025-06-30T18:01:15,3,0,1,3
2025-06-30T18:31:34,3,0,1,3
2025-06-30T19:02:14,3,0,1,3
2025-06-30T19:32:39,3,0,1,3
2025-06-30T20:03:00,3,0,1,3
2025-06-30T20:33:27,3,0,1,3
2025-06-30T21:04:15,3,0,1,3
2025-06-30T21:35:03,3,0,1,3
2025-06-30T22:06:07,3,0,1,3
2025-06-30T22:37:23,3,0,1,3
2025-06-30T23:07:57,3,0,1,3
2025-06-30T23:38:39,3,0,1,3
2025-07-01T00:09:35,3,0,1,3
2025-07-01T00:40:57,3,0,1,3
2025-07-01T01:11:38,3,0,1,3
2025-07-01T01:41:57,3,0,1,3
2025-07-01T02:12:26,3,0,1,3
2025-07-01T02:42:49,3,0,1,3
2025-07-01T03:13:27,3,0,1,3
2025-07-01T03:44:09,3,0,1,3
2025-07-01T04:43:58,3,0,1,3
2025-07-01T05:14:35,3,0,1,3
2025-07-01T05:44:54,3,0,1,3
2025-07-01T06:15:32,3,0,1,3
2025-07-01T06:46:01,3,0,1,3
2025-07-01T07:16:25,3,0,1,3
2025-07-01T07:46:43,3,0,1,3
2025-07-01T08:17:27,3,0,1,3
2025-07-01T08:47:56,3,0,1,3
2025-07-01T09:18:38,3,0,1,3
2025-07-01T09:49:05,3,0,1,3
2025-07-01T10:19:59,3,0,1,3
2025-07-01T10:51:08,3,0,1,3
2025-07-01T11:22:20,3,0,1,3
2025-07-01T11:53:10,3,0,1,3
2025-07-01T12:23:37,3,0,1,3
2025-07-01T12:54:57,3,0,1,3
2025-07-01T13:25:39,3,0,1,3
2025-07-01T13:56:20,3,0,1,3
2025-07-01T14:27:21,3,0,1,3
2025-07-01T14:57:45,3,0,1,3
2025-07-01T15:28:15,3,0,1,3
2025-07-01T15:59:13,3,0,1,3
2025-07-01T16:29:54,3,0,1,3
2025-07-01T17:00:42,3,0,1,3
2025-07-01T17:31:23,3,0,1,3
2025-07-01T18:02:10,3,0,1,3
2025-07-01T18:33:04,3,0,1,3
2025-07-01T19:04:17,3,0,1,3
2025-07-01T19:35:08,3,0,1,3
2025-07-01T20:05:26,3,0,1,3
2025-07-01T20:35:34,3,0,1,3
2025-07-01T21:06:05,3,0,1,3
2025-07-01T21:36:28,3,0,1,3
2025-07-01T22:07:13,3,0,1,3
2025-07-01T22:37:58,3,0,1,3
2025-07-01T23:08:30,3,0,1,3
2025-07-01T23:38:50,3,0,1,3
2025-07-02T00:09:45,3,0,1,3
2025-07-02T00:40:21,3,0,1,3
2025-07-02T01:11:06,3,0,1,3
2025-07-02T01:41:45,3,0,1,3
2025-07-02T02:12:02,3,0,1,3
2025-07-02T02:42:38,3,0,1,3
2025-07-02T03:13:01,3,0,1,3
2025-07-02T03:43:41,3,0,1,3
2025-07-02T04:40:55,3,0,1,3
2025-07-02T05:11:40,3,0,1,3
2025-07-02T05:42:27,3,0,1,3
2025-07-02T06:12:53,3,0,1,3
2025-07-02T06:43:40,3,0,1,3
2025-07-02T07:14:12,3,0,1,3
2025-07-02T07:44:49,3,0,1,3
2025-07-02T08:15:42,3,0,1,3
2025-07-02T08:46:27,3,0,1,3
2025-07-02T09:16:41,3,0,1,3
2025-07-02T09:47:33,3,0,1,3
2025-07-02T10:18:49,3,0,1,3
2025-07-02T10:49:49,3,0,1,3
2025-07-02T11:20:47,3,0,1,3
2025-07-02T11:51:43,3,0,1,3
2025-07-02T12:22:50,3,0,1,3
2025-07-02T12:54:20,3,0,1,3
2025-07-02T13:25:22,3,0,1,3
2025-07-02T13:56:01,3,0,1,3
2025-07-02T14:26:54,3,0,1,3
2025-07-02T14:57:23,3,0,1,3
2025-07-02T15:28:33,3,0,1,3
2025-07-02T15:59:19,3,0,1,3
2025-07-02T16:30:03,3,0,1,3
2025-07-02T17:00:26,3,0,1,3
2025-07-02T17:30:45,3,0,1,3
2025-07-02T18:01:32,3,0,1,3
2025-07-02T18:32:12,3,0,1,3
2025-07-02T19:02:51,3,0,1,3
2025-07-02T19:33:17,3,0,1,3
2025-07-02T20:03:46,3,0,1,3
2025-07-02T20:34:18,3,0,1,3
2025-07-02T21:04:39,3,0,1,3
2025-07-02T21:35:02,3,0,1,3
2025-07-02T22:05:32,3,0,1,3
2025-07-02T22:36:01,3,0,1,3
2025-07-02T23:06:15,3,0,1,3
2025-07-02T23:36:41,3,0,1,3
2025-07-03T00:07:18,3,0,1,3
2025-07-03T00:38:32,3,0,1,3
2025-07-03T01:09:11,3,0,1,3
2025-07-03T01:40:04,3,0,1,3
2025-07-03T02:10:56,3,0,1,3
2025-07-03T02:42:02,3,0,1,3
2025-07-03T03:12:38,3,0,1,3
2025-07-03T03:43:37,3,0,1,3
2025-07-03T04:38:58,3,0,1,3
2025-07-03T05:09:43,3,0,1,3
2025-07-03T05:40:57,3,0,1,3
2025-07-03T06:12:01,3,0,1,3
2025-07-03T06:42:41,3,0,1,3
2025-07-03T07:13:02,3,0,1,3
2025-07-03T07:43:41,3,0,1,3
2025-07-03T08:14:41,3,0,1,3
2025-07-03T08:45:16,3,0,1,3
2025-07-03T09:15:50,3,0,1,3
2025-07-03T09:46:32,3,0,1,3
2025-07-03T10:16:54,3,0,1,3
2025-07-03T10:47:30,3,0,1,3
2025-07-03T11:18:21,3,0,1,3
2025-07-03T11:49:15,3,0,1,3
2025-07-03T12:20:12,3,0,1,3
2025-07-03T12:51:01,3,0,1,3
2025-07-03T13:22:16,3,0,1,3
2025-07-03T13:53:29,3,0,1,3
2025-07-03T14:24:00,3,0,1,3
2025-07-03T14:54:19,3,0,1,3
2025-07-03T15:24:32,3,0,1,3
2025-07-03T15:55:07,3,0,1,3
2025-07-03T16:25:47,3,0,1,3
2025-07-03T16:56:16,3,0,1,3
2025-07-03T17:27:03,3,0,1,3
2025-07-03T17:57:46,3,0,1,3
2025-07-03T18:29:06,3,0,1,3
2025-07-03T18:59:51,3,0,1,3
2025-07-03T19:30:33,3,0,1,3
2025-07-03T20:01:04,3,0,1,3
2025-07-03T20:31:48,3,0,1,3
2025-07-03T21:02:27,3,0,1,3
2025-07-03T21:32:53,3,0,1,3
2025-07-03T22:03:53,3,0,1,3
2025-07-03T22:34:38,3,0,1,3
2025-07-03T23:05:08,3,0,1,3
2025-07-03T23:35:36,3,0,1,3
2025-07-04T00:06:10,3,0,1,3
2025-07-04T00:36:48,3,0,1,3
2025-07-04T01:07:12,3,0,1,3
2025-07-04T01:38:02,3,0,1,3
2025-07-04T02:08:49,3,0,1,3
2025-07-04T02:39:46,3,0,1,3
2025-07-04T03:10:05,3,0,1,3
2025-07-04T03:41:23,3,0,1,3
2025-07-04T04:12:05,3,0,1,3
2025-07-04T04:45:13,3,0,1,3
2025-07-04T05:16:01,3,0,1,3
2025-07-04T05:46:50,3,0,1,3
2025-07-04T06:17:35,3,0,1,3
2025-07-04T06:48:27,3,0,1,3
2025-07-04T07:19:17,3,0,1,3
2025-07-04T07:49:55,3,0,1,3
2025-07-04T08:20:31,3,0,1,3
2025-07-04T08:51:25,3,0,1,3
2025-07-04T09:22:11,3,0,1,3
2025-07-04T09:52:54,3,0,1,3
2025-07-04T10:23:30,3,0,1,3
2025-07-04T10:53:52,3,0,1,3
2025-07-04T11:24:13,3,0,1,3
2025-07-04T11:54:35,3,0,1,3
2025-07-04T12:25:25,3,0,1,3
2025-07-04T12:56:32,3,0,1,3
2025-07-04T13:27:20,3,0,1,3
2025-07-04T13:58:03,3,0,1,3
2025-07-04T14:28:36,3,0,1,3
2025-07-04T14:58:47,3,0,1,3
2025-07-04T15:29:06,3,0,1,3
2025-07-04T15:59:29,3,0,1,3
2025-07-04T16:30:00,3,0,1,3
2025-07-04T17:00:29,3,0,1,3
2025-07-04T17:31:07,3,0,1,3
2025-07-04T18:01:34,3,0,1,3
2025-07-04T18:32:03,3,0,1,3
2025-07-04T19:02:49,3,0,1,3
2025-07-04T19:33:10,3,0,1,3
2025-07-04T20:03:38,3,0,1,3
2025-07-04T20:34:13,3,0,1,3
2025-07-04T21:05:03,3,0,1,3
2025-07-04T21:36:19,3,0,1,3
2025-07-04T22:07:15,3,0,1,3
2025-07-04T22:38:03,3,0,1,3
2025-07-04T23:08:32,3,0,1,3
2025-07-04T23:38:50,3,0,1,3
2025-07-05T00:09:34,3,0,1,3
2025-07-05T00:40:40,3,0,1,3
2025-07-05T01:11:32,3,0,1,3
2025-07-05T01:42:03,3,0,1,3
2025-07-05T02:12:47,3,0,1,3
2025-07-05T02:43:35,3,0,1,3
2025-07-05T03:13:58,3,0,1,3
2025-07-05T03:44:30,3,0,1,3
2025-07-05T18:37:34,3,0,1,3
2025-07-05T19:08:40,3,0,1,3
2025-07-05T19:39:50,3,0,1,3
2025-07-05T20:10:42,3,0,1,3
2025-07-05T20:41:19,3,0,1,3
2025-07-05T21:11:47,3,0,1,3
2025-07-05T21:42:13,3,0,1,3
2025-07-05T22:12:38,3,0,1,3
2025-07-05T22:43:21,3,0,1,3
2025-07-05T23:14:18,3,0,1,3
2025-07-05T23:44:45,3,0,1,3
2025-07-06T00:15:58,3,0,1,3
2025-07-06T00:47:26,3,0,1,3
2025-07-06T01:18:14,3,0,1,3
2025-07-06T01:48:44,3,0,1,3
2025-07-06T02:19:32,3,0,1,3
2025-07-06T02:50:38,3,0,1,3
2025-07-06T03:21:20,3,0,1,3
2025-07-06T03:52:10,3,0,1,3
2025-07-06T04:39:39,3,0,1,3
2025-07-06T05:10:04,3,0,1,3
2025-07-06T05:40:31,3,0,1,3
2025-07-06T06:10:50,3,0,1,3
2025-07-06T06:41:11,3,0,1,3
2025-07-06T07:11:56,3,0,1,3
2025-07-06T07:42:37,3,0,1,3
2025-07-06T08:13:34,3,0,1,3
2025-07-06T08:44:34,3,0,1,3
2025-07-06T09:15:17,3,0,1,3
2025-07-06T09:45:47,3,0,1,3
2025-07-06T10:16:28,3,0,1,3
2025-07-06T10:47:08,3,0,1,3
2025-07-06T11:17:44,3,0,1,3
2025-07-06T11:48:23,3,0,1,3
2025-07-06T12:18:45,3,0,1,3
2025-07-06T12:49:07,3,0,1,3
2025-07-06T13:19:54,3,0,1,3
2025-07-06T13:50:53,3,0,1,3
2025-07-06T14:21:27,3,0,1,3
2025-07-06T14:51:54,3,0,1,3
2025-07-06T15:22:43,3,0,1,3
2025-07-06T15:53:27,3,0,1,3
2025-07-06T16:24:33,3,0,1,3
2025-07-06T16:55:11,3,0,1,3
2025-07-06T17:26:17,3,0,1,3
2025-07-06T17:57:20,3,0,1,3
2025-07-06T18:28:35,3,0,1,3
2025-07-06T18:59:33,3,0,1,3
2025-07-06T19:30:01,3,0,1,3
2025-07-06T20:00:33,3,0,1,3
2025-07-06T20:31:34,3,0,1,3
2025-07-06T21:02:15,3,0,1,3
2025-07-06T21:33:21,3,0,1,3
2025-07-06T22:04:29,3,0,1,3
2025-07-06T22:35:04,3,0,1,3
2025-07-06T23:05:43,3,0,1,3
2025-07-06T23:36:15,3,0,1,3
2025-07-07T00:07:13,3,0,1,3
2025-07-07T00:38:04,3,0,1,3
2025-07-07T01:08:37,3,0,1,3
2025-07-07T01:39:24,3,0,1,3
2025-07-07T02:10:26,3,0,1,3
2025-07-07T02:41:39,3,0,1,3
2025-07-07T03:12:13,3,0,1,3
2025-07-07T03:43:01,3,0,1,3
2025-07-07T04:37:01,3,0,1,3
2025-07-07T05:07:37,3,0,1,3
2025-07-07T05:38:10,3,0,1,3
2025-07-07T06:08:33,3,0,1,3
2025-07-07T06:38:59,3,0,1,3
2025-07-07T07:09:34,3,0,1,3
2025-07-07T07:40:31,3,0,1,3
2025-07-07T08:11:17,3,0,1,3
2025-07-07T08:42:00,3,0,1,3
2025-07-07T09:12:56,3,0,1,3
2025-07-07T09:43:48,3,0,1,3
2025-07-07T10:14:26,3,0,1,3
2025-07-07T10:44:51,3,0,1,3
2025-07-07T11:16:17,3,0,1,3
2025-07-07T11:47:23,3,0,1,3
2025-07-07T12:18:11,3,0,1,3
2025-07-07T12:48:42,3,0,1,3
2025-07-07T13:19:51,3,0,1,3
2025-07-07T13:50:33,3,0,1,3
2025-07-07T14:21:10,3,0,1,3
2025-07-07T14:52:19,3,0,1,3
2025-07-07T15:22:40,3,0,1,3
2025-07-07T15:53:06,3,0,1,3
2025-07-07T16:23:30,3,0,1,3
2025-07-07T16:54:11,3,0,1,3
2025-07-07T17:25:14,3,0,1,3
2025-07-07T18:06:27,3,0,1,3
2025-07-07T18:36:53,3,0,1,3
2025-07-07T19:07:23,3,0,1,3
2025-07-07T19:37:46,3,0,1,3
2025-07-07T20:08:28,3,0,1,3
2025-07-07T20:38:43,3,0,1,3
2025-07-07T21:09:13,3,0,1,3
2025-07-07T21:39:30,3,0,1,3
2025-07-07T22:09:49,3,0,1,3
2025-07-07T22:40:17,3,0,1,3
2025-07-07T23:10:56,3,0,1,3
2025-07-07T23:41:58,3,0,1,3
2025-07-08T00:12:43,3,0,1,3
2025-07-08T00:43:30,3,0,1,3
2025-07-08T01:15:06,3,0,1,3
2025-07-08T01:45:38,3,0,1,3
2025-07-08T02:16:16,3,0,1,3
2025-07-08T02:47:08,3,0,1,3
2025-07-08T03:17:53,3,0,1,3
2025-07-08T03:48:23,3,0,1,3
2025-07-08T04:37:42,3,0,1,3
2025-07-08T05:10:21,3,0,1,3
2025-07-08T05:41:06,3,0,1,3
2025-07-08T06:11:55,3,0,1,3
2025-07-08T06:43:03,3,0,1,3
2025-07-08T07:13:51,3,0,1,3
2025-07-08T07:44:25,3,0,1,3
2025-07-08T08:15:27,3,0,1,3
2025-07-08T08:46:08,3,0,1,3
2025-07-08T09:16:46,3,0,1,3
2025-07-08T09:47:08,3,0,1,3
2025-07-08T10:18:20,3,0,1,3
2025-07-08T10:49:28,3,0,1,3
2025-07-08T11:20:41,3,0,1,3
2025-07-08T11:51:48,3,0,1,3
2025-07-08T12:22:05,3,0,1,3
2025-07-08T12:52:56,3,0,1,3
2025-07-08T13:23:59,3,0,1,3
2025-07-08T13:54:23,3,0,1,3
2025-07-08T14:25:03,3,0,1,3
2025-07-08T14:56:05,3,0,1,3
2025-07-08T15:27:09,3,0,1,3
2025-07-08T15:58:26,3,0,1,3
2025-07-08T16:29:13,3,0,1,3
2025-07-08T16:59:46,3,0,1,3
2025-07-08T17:30:11,3,0,1,3
2025-07-08T18:00:57,3,0,1,3
2025-07-08T18:31:12,3,0,1,3
2025-07-08T19:01:31,3,0,1,3
2025-07-08T19:31:57,3,0,1,3
2025-07-08T20:02:16,3,0,1,3
2025-07-08T20:33:24,3,0,1,3
2025-07-08T21:04:20,3,0,1,3
2025-07-08T21:34:42,3,0,1,3
2025-07-08T22:05:20,3,0,1,3
2025-07-08T22:36:00,3,0,1,3
2025-07-08T23:06:51,3,0,1,3
2025-07-08T23:37:26,3,0,1,3
2025-07-09T00:07:46,3,0,1,3
2025-07-09T00:38:22,3,0,1,3
2025-07-09T01:09:00,3,0,1,3
2025-07-09T01:39:43,3,0,1,3
2025-07-09T02:10:55,3,0,1,3
2025-07-09T02:41:59,3,0,1,3
2025-07-09T03:12:46,3,0,1,3
2025-07-09T03:43:18,3,0,1,3
2025-07-09T04:41:01,3,0,1,3
2025-07-09T05:11:15,3,0,1,3
2025-07-09T05:43:34,3,0,1,3
2025-07-09T06:14:19,3,0,1,3
2025-07-09T06:45:02,3,0,1,3
2025-07-09T07:15:44,3,0,1,3
2025-07-09T07:46:49,3,0,1,3
2025-07-09T08:17:42,3,0,1,3
2025-07-09T08:48:49,3,0,1,3
2025-07-09T09:19:30,3,0,1,3
2025-07-09T09:50:32,3,0,1,3
2025-07-09T10:21:51,3,0,1,3
2025-07-09T10:53:17,3,0,1,3
2025-07-09T11:23:55,3,0,1,3
2025-07-09T11:54:40,3,0,1,3
2025-07-09T12:25:21,3,0,1,3
2025-07-09T12:56:29,3,0,1,3
2025-07-09T13:27:25,3,0,1,3
2025-07-09T13:57:54,3,0,1,3
2025-07-09T14:28:51,3,0,1,3
2025-07-09T14:59:45,3,0,1,3
2025-07-09T15:31:03,3,0,1,3
2025-07-09T16:02:15,3,0,1,3
2025-07-09T16:33:07,3,0,1,3
2025-07-09T17:04:33,3,0,1,3
2025-07-09T17:35:15,3,0,1,3
2025-07-09T18:06:07,3,0,1,3
2025-07-09T18:37:01,3,0,1,3
2025-07-09T19:08:01,3,0,1,3
2025-07-09T19:39:22,3,0,1,3
2025-07-09T20:09:55,3,0,1,3
2025-07-09T20:41:01,3,0,1,3
2025-07-09T21:12:05,3,0,1,3
2025-07-09T21:43:11,3,0,1,3
2025-07-09T22:13:57,3,0,1,3
2025-07-09T22:44:42,3,0,1,3
2025-07-09T23:15:34,3,0,1,3
2025-07-09T23:46:47,3,0,1,3
2025-07-10T00:17:49,3,0,1,3
2025-07-10T00:48:51,3,0,1,3
2025-07-10T01:21:16,3,0,1,3
2025-07-10T01:52:18,3,0,1,3
2025-07-10T02:22:55,3,0,1,3
2025-07-10T02:53:31,3,0,1,3
2025-07-10T03:24:00,3,0,1,3
2025-07-10T03:54:47,3,0,1,3
2025-07-10T04:41:17,3,0,1,3
2025-07-10T05:11:55,3,0,1,3
2025-07-10T05:42:38,3,0,1,3
2025-07-10T06:13:13,3,0,1,3
2025-07-10T06:44:15,3,0,1,3
2025-07-10T07:15:05,3,0,1,3
2025-07-10T07:45:38,3,0,1,3
2025-07-10T08:16:15,3,0,1,3
2025-07-10T08:46:48,3,0,1,3
2025-07-10T09:17:20,3,0,1,3
2025-07-10T09:48:30,3,0,1,3
2025-07-10T10:19:28,3,0,1,3
2025-07-10T10:50:38,3,0,1,3
2025-07-10T11:21:51,3,0,1,3
2025-07-10T11:52:42,3,0,1,3
2025-07-10T12:23:16,3,0,1,3
2025-07-10T12:53:54,3,0,1,3
2025-07-10T13:24:19,3,0,1,3
2025-07-10T13:55:03,3,0,1,3
2025-07-10T14:25:44,3,0,1,3
2025-07-10T14:56:56,3,0,1,3
2025-07-10T15:27:58,3,0,1,3
2025-07-10T15:59:21,3,0,1,3
2025-07-10T16:30:10,3,0,1,3
2025-07-10T17:01:14,3,0,1,3
2025-07-10T17:32:05,3,0,1,3
2025-07-10T18:03:31,3,0,1,3
2025-07-10T18:34:14,3,0,1,3
2025-07-10T19:04:41,3,0,1,3
2025-07-10T19:35:25,3,0,1,3
2025-07-10T20:06:00,3,0,1,3
2025-07-10T20:36:43,3,0,1,3
2025-07-10T21:07:16,3,0,1,3
2025-07-10T21:37:58,3,0,1,3
2025-07-10T22:08:31,3,0,1,3
2025-07-10T22:39:24,3,0,1,3
2025-07-10T23:10:00,3,0,1,3
2025-07-10T23:40:45,3,0,1,3
2025-07-11T00:11:34,3,0,1,3
2025-07-11T00:42:26,3,0,1,3
2025-07-11T01:13:04,3,0,1,3
2025-07-11T01:44:05,3,0,1,3
2025-07-11T02:14:44,3,0,1,3
2025-07-11T02:45:40,3,0,1,3
2025-07-11T03:16:41,3,0,1,3
2025-07-11T03:47:21,3,0,1,3
2025-07-11T04:49:07,3,0,1,3
2025-07-11T05:19:37,3,0,1,3
2025-07-11T05:50:04,3,0,1,3
2025-07-11T06:20:57,3,0,1,3
2025-07-11T06:51:56,3,0,1,3
2025-07-11T07:22:30,3,0,1,3
2025-07-11T07:53:09,3,0,1,3
2025-07-11T08:23:41,3,0,1,3
2025-07-11T08:54:25,3,0,1,3
2025-07-11T09:25:37,3,0,1,3
2025-07-11T09:56:33,3,0,1,3
2025-07-11T10:27:17,3,0,1,3
2025-07-11T10:57:44,3,0,1,3
2025-07-11T11:28:53,3,0,1,3
2025-07-11T12:00:09,3,0,1,3
2025-07-11T12:31:00,3,0,1,3
2025-07-11T13:01:40,3,0,1,3
2025-07-11T13:32:07,3,0,1,3
2025-07-11T14:02:31,3,0,1,3
2025-07-11T14:32:59,3,0,1,3
2025-07-11T15:04:03,3,0,1,3
2025-07-11T15:35:02,3,0,1,3
2025-07-11T16:06:13,3,0,1,3
2025-07-11T16:36:50,3,0,1,3
2025-07-11T17:07:48,3,0,1,3
2025-07-11T17:38:38,3,0,1,3
2025-07-11T18:09:42,3,0,1,3
2025-07-11T18:40:42,3,0,1,3
2025-07-11T19:11:52,3,0,1,3
2025-07-11T19:42:41,3,0,1,3
2025-07-11T20:13:17,3,0,1,3
2025-07-11T20:43:58,3,0,1,3
2025-07-11T21:14:51,3,0,1,3
2025-07-11T21:45:24,3,0,1,3
2025-07-11T22:15:51,3,0,1,3
2025-07-11T22:46:20,3,0,1,3
2025-07-11T23:17:21,3,0,1,3
2025-07-11T23:48:02,3,0,1,3
2025-07-12T00:19:18,3,0,1,3
2025-07-12T00:50:24,3,0,1,3
2025-07-12T01:21:14,3,0,1,3
2025-07-12T01:52:04,3,0,1,3
2025-07-12T02:22:41,3,0,1,3
2025-07-12T02:53:51,3,0,1,3
2025-07-12T03:25:24,3,0,1,3
2025-07-12T03:56:51,3,0,1,3
2025-07-12T04:51:03,3,0,1,3
2025-07-12T05:21:35,3,0,1,3
2025-07-12T05:52:16,3,0,1,3
2025-07-12T06:22:44,3,0,1,3
2025-07-12T06:53:16,3,0,1,3
2025-07-12T07:23:45,3,0,1,3
2025-07-12T07:54:33,3,0,1,3
2025-07-12T08:25:13,3,0,1,3
2025-07-12T08:55:47,3,0,1,3
2025-07-12T09:26:30,3,0,1,3
2025-07-12T09:57:10,3,0,1,3
2025-07-12T10:28:07,3,0,1,3
2025-07-12T10:58:57,3,0,1,3
2025-07-12T11:29:37,3,0,1,3
2025-07-12T12:00:15,3,0,1,3
2025-07-12T12:31:19,3,0,1,3
2025-07-12T13:01:51,3,0,1,3
2025-07-12T13:33:05,3,0,1,3
2025-07-12T14:03:35,3,0,1,3
2025-07-12T14:34:03,3,0,1,3
2025-07-12T15:05:08,3,0,1,3
2025-07-12T15:36:16,3,0,1,3
2025-07-12T16:06:39,3,0,1,3
2025-07-12T16:37:12,3,0,1,3
2025-07-12T17:07:37,3,0,1,3
2025-07-12T17:38:31,3,0,1,3
2025-07-12T18:09:15,3,0,1,3
2025-07-12T18:39:54,3,0,1,3
2025-07-12T19:10:29,3,0,1,3
2025-07-12T19:40:52,3,0,1,3
2025-07-12T20:11:26,3,0,1,3
2025-07-12T20:42:25,3,0,1,3
2025-07-12T21:13:27,3,0,1,3
2025-07-12T21:44:14,3,0,1,3
2025-07-12T22:14:50,3,0,1,3
2025-07-12T22:45:43,3,0,1,3
2025-07-12T23:16:24,3,0,1,3
2025-07-12T23:46:59,3,0,1,3
2025-07-13T00:17:35,3,0,1,3
2025-07-13T00:49:14,3,0,1,3
2025-07-13T01:19:35,3,0,1,3
2025-07-13T01:50:14,3,0,1,3
2025-07-13T02:21:05,3,0,1,3
2025-07-13T02:51:39,3,0,1,3
2025-07-13T03:22:42,3,0,1,3
2025-07-13T03:53:10,3,0,1,3
2025-07-13T05:03:02,3,0,1,3
2025-07-13T05:33:34,3,0,1,3
2025-07-13T06:04:20,3,0,1,3
2025-07-13T06:35:01,3,0,1,3
2025-07-13T07:05:59,3,0,1,3
2025-07-13T07:36:53,3,0,1,3
2025-07-13T08:08:02,3,0,1,3
2025-07-13T08:38:37,3,0,1,3
2025-07-13T09:09:12,3,0,1,3
2025-07-13T09:39:41,3,0,1,3
2025-07-13T10:10:18,3,0,1,3
2025-07-13T10:41:00,3,0,1,3
2025-07-13T11:11:32,3,0,1,3
2025-07-13T11:42:36,3,0,1,3
2025-07-13T12:13:24,3,0,1,3
2025-07-13T12:44:17,3,0,1,3
2025-07-13T13:15:04,3,0,1,3
2025-07-13T13:46:00,3,0,1,3
2025-07-13T14:16:32,3,0,1,3
2025-07-13T14:47:24,3,0,1,3
2025-07-13T15:18:20,3,0,1,3
2025-07-13T15:49:19,3,0,1,3
2025-07-13T16:20:29,3,0,1,3
2025-07-13T16:51:31,3,0,1,3
2025-07-13T17:22:05,3,0,1,3
2025-07-13T17:52:22,3,0,1,3
2025-07-13T18:22:59,3,0,1,3
2025-07-13T18:54:01,3,0,1,3
2025-07-13T19:24:58,3,0,1,3
2025-07-13T19:55:54,3,0,1,3
2025-07-13T20:26:32,3,0,1,3
2025-07-13T20:57:15,3,0,1,3
2025-07-13T21:27:59,3,0,1,3
2025-07-13T21:58:40,3,0,1,3
2025-07-13T22:29:10,3,0,1,3
2025-07-13T22:59:45,3,0,1,3
2025-07-13T23:30:45,3,0,1,3
2025-07-14T00:01:29,3,0,1,3
2025-07-14T00:32:29,3,0,1,3
2025-07-14T01:03:52,3,0,1,3
2025-07-14T01:34:42,3,0,1,3
2025-07-14T02:05:36,3,0,1,3
2025-07-14T02:37:02,3,0,1,3
2025-07-14T03:08:16,3,0,1,3
2025-07-14T03:38:46,3,0,1,3
2025-07-14T04:09:19,3,0,1,3
2025-07-14T04:53:23,3,0,1,3
2025-07-14T05:24:13,3,0,1,3
2025-07-14T05:55:16,3,0,1,3
2025-07-14T06:26:07,3,0,1,3
2025-07-14T06:56:50,3,0,1,3
2025-07-14T07:27:31,3,0,1,3
2025-07-14T07:58:12,3,0,1,3
2025-07-14T08:28:54,3,0,1,3
2025-07-14T08:59:18,3,0,1,3
2025-07-14T09:30:21,3,0,1,3
2025-07-14T10:01:07,3,0,1,3
2025-07-14T10:31:33,3,0,1,3
2025-07-14T11:02:24,3,0,1,3
2025-07-14T11:32:58,3,0,1,3
2025-07-14T12:04:07,3,0,1,3
2025-07-14T12:34:49,3,0,1,3
2025-07-14T13:05:35,3,0,1,3
2025-07-14T13:37:00,3,0,1,3
2025-07-14T14:07:42,3,0,1,3
2025-07-14T14:38:48,3,0,1,3
2025-07-14T15:09:26,3,0,1,3
2025-07-14T15:40:08,3,0,1,3
2025-07-14T16:10:49,3,0,1,3
2025-07-14T16:41:49,3,0,1,3
2025-07-14T17:12:48,3,0,1,3
2025-07-14T17:43:24,3,0,1,3
2025-07-14T18:13:49,3,0,1,3
2025-07-14T18:44:31,3,0,1,3
2025-07-14T19:15:09,3,0,1,3
2025-07-14T19:46:03,3,0,1,3
2025-07-14T20:17:07,3,0,1,3
2025-07-14T20:47:43,3,0,1,3
2025-07-14T21:18:47,3,0,1,3
2025-07-14T21:49:43,3,0,1,3
2025-07-14T22:20:32,3,0,1,3
2025-07-14T22:51:13,3,0,1,3
2025-07-14T23:21:53,3,0,1,3
2025-07-14T23:52:52,3,0,1,3
2025-07-15T00:23:27,3,0,1,3
2025-07-15T00:54:24,3,0,1,3
2025-07-15T01:25:32,3,0,1,3
2025-07-15T01:56:30,3,0,1,3
2025-07-15T02:27:26,3,0,1,3
2025-07-15T02:58:06,3,0,1,3
2025-07-15T03:29:34,3,0,1,3
2025-07-15T04:00:42,3,0,1,3
2025-07-15T04:44:17,3,0,1,3
2025-07-15T05:15:22,3,0,1,3
2025-07-15T05:46:02,3,0,1,3
2025-07-15T06:17:07,3,0,1,3
2025-07-15T06:48:10,3,0,1,3
2025-07-15T07:19:11,3,0,1,3
2025-07-15T07:50:10,3,0,1,3
2025-07-15T08:20:45,3,0,1,3
2025-07-15T08:51:30,3,0,1,3
2025-07-15T09:22:07,3,0,1,3
2025-07-15T09:52:55,3,0,1,3
2025-07-15T10:23:56,3,0,1,3
2025-07-15T10:55:09,3,0,1,3
2025-07-15T11:26:06,3,0,1,3
2025-07-15T11:56:54,3,0,1,3
2025-07-15T12:27:13,3,0,1,3
2025-07-15T12:57:48,3,0,1,3
2025-07-15T13:28:29,3,0,1,3
2025-07-15T13:59:14,3,0,1,3
2025-07-15T14:30:18,3,0,1,3
2025-07-15T15:01:30,3,0,1,3
2025-07-15T15:32:39,3,0,1,3
2025-07-15T16:03:13,3,0,1,3
2025-07-15T16:33:55,3,0,1,3
2025-07-15T17:04:32,3,0,1,3
2025-07-15T17:35:18,3,0,1,3
2025-07-15T19:41:10,3,0,1,3
2025-07-15T20:11:54,3,0,1,3
2025-07-15T20:42:44,3,0,1,3
2025-07-15T21:13:16,3,0,1,3
2025-07-15T21:44:04,3,0,1,3
2025-07-15T22:15:15,3,0,1,3
2025-07-15T22:46:04,3,0,1,3
2025-07-15T23:16:52,3,0,1,3
2025-07-15T23:47:39,3,0,1,3
2025-07-16T00:18:50,3,0,1,3
2025-07-16T00:49:52,3,0,1,3
2025-07-16T01:20:29,3,0,1,3
2025-07-16T01:51:18,3,0,1,3
2025-07-16T02:22:28,3,0,1,3
2025-07-16T02:53:34,3,0,1,3
2025-07-16T03:24:30,3,0,1,3
2025-07-16T03:55:11,3,0,1,3
2025-07-16T04:36:35,3,0,1,3
2025-07-16T05:07:18,3,0,1,3
2025-07-16T05:38:12,3,0,1,3
2025-07-16T06:09:07,3,0,1,3
2025-07-16T06:40:06,3,0,1,3
2025-07-16T07:10:46,3,0,1,3
2025-07-16T07:41:44,3,0,1,3
2025-07-16T08:12:29,3,0,1,3
2025-07-16T08:43:34,3,0,1,3
2025-07-16T09:14:22,3,0,1,3
2025-07-16T09:45:26,3,0,1,3
2025-07-16T10:16:36,3,0,1,3
2025-07-16T10:47:28,3,0,1,3
2025-07-16T11:18:11,3,0,1,3
2025-07-16T11:49:04,3,0,1,3
2025-07-16T12:20:09,3,0,1,3
2025-07-16T12:50:58,3,0,1,3
2025-07-16T13:21:28,3,0,1,3
2025-07-16T13:52:30,3,0,1,3
2025-07-16T14:23:53,3,0,1,3
2025-07-16T14:54:37,3,0,1,3
2025-07-16T15:25:44,3,0,1,3
2025-07-16T15:56:54,3,0,1,3
2025-07-16T16:27:48,3,0,1,3
2025-07-16T16:58:54,3,0,1,3
2025-07-16T17:29:44,3,0,1,3
2025-07-16T18:00:43,3,0,1,3
2025-07-16T18:31:40,3,0,1,3
2025-07-16T19:03:09,3,0,1,3
2025-07-16T19:33:47,3,0,1,3
2025-07-16T20:04:47,3,0,1,3
2025-07-16T20:35:35,3,0,1,3
2025-07-16T21:06:39,3,0,1,3
2025-07-16T21:37:34,3,0,1,3
2025-07-16T22:08:07,3,0,1,3
2025-07-16T22:39:13,3,0,1,3
2025-07-16T23:10:05,3,0,1,3
2025-07-16T23:40:56,3,0,1,3
2025-07-17T00:11:39,3,0,1,3
2025-07-17T00:43:02,3,0,1,3
2025-07-17T01:14:11,3,0,1,3
2025-07-17T01:44:49,3,0,1,3
2025-07-17T02:15:56,3,0,1,3
2025-07-17T02:47:01,3,0,1,3
2025-07-17T03:18:38,3,0,1,3
2025-07-17T03:49:22,3,0,1,3
2025-07-17T04:42:06,3,0,1,3
2025-07-17T05:13:09,3,0,1,3
2025-07-17T05:44:14,3,0,1,3
2025-07-17T06:15:48,3,0,1,3
2025-07-17T06:46:25,3,0,1,3
2025-07-17T07:17:17,3,0,1,3
2025-07-17T07:48:13,3,0,1,3
2025-07-17T08:19:05,3,0,1,3
2025-07-17T08:50:01,3,0,1,3
2025-07-17T09:20:56,3,0,1,3
2025-07-17T09:51:44,3,0,1,3
2025-07-17T10:22:42,3,0,1,3
2025-07-17T10:53:35,3,0,1,3
2025-07-17T11:24:19,3,0,1,3
2025-07-17T11:55:05,3,0,1,3
2025-07-17T12:25:54,3,0,1,3
2025-07-17T12:57:02,3,0,1,3
2025-07-17T13:28:36,3,0,1,3
2025-07-17T14:00:00,3,0,1,3
2025-07-17T14:31:16,3,0,1,3
2025-07-17T15:02:04,3,0,1,3
2025-07-17T15:32:52,3,0,1,3
2025-07-17T16:03:53,3,0,1,3
2025-07-17T16:34:52,3,0,1,3
2025-07-17T17:05:55,3,0,1,3
2025-07-17T17:36:41,3,0,1,3
2025-07-17T18:07:25,3,0,1,3
2025-07-17T18:38:08,3,0,1,3
2025-07-17T19:08:59,3,0,1,3
2025-07-17T19:39:36,3,0,1,3
2025-07-17T20:10:26,3,0,1,3
2025-07-17T20:41:03,3,0,1,3
2025-07-17T21:11:50,3,0,1,3
2025-07-17T21:42:28,3,0,1,3
2025-07-17T22:13:32,3,0,1,3
2025-07-17T22:45:03,3,0,1,3
2025-07-17T23:15:55,3,0,1,3
2025-07-17T23:46:55,3,0,1,3
2025-07-18T00:18:11,3,0,1,3
2025-07-18T00:49:14,3,0,1,3
2025-07-18T01:20:13,3,0,1,3
2025-07-18T01:51:01,3,0,1,3
2025-07-18T02:21:37,3,0,1,3
2025-07-18T02:52:46,3,0,1,3
2025-07-18T03:23:46,3,0,1,3
2025-07-18T03:54:18,3,0,1,3
2025-07-18T04:43:22,3,0,1,3
2025-07-18T05:14:08,3,0,1,3
2025-07-18T05:44:48,3,0,1,3
2025-07-18T06:15:55,3,0,1,3
2025-07-18T06:46:56,3,0,1,3
2025-07-18T07:17:47,3,0,1,3
2025-07-18T07:48:45,3,0,1,3
2025-07-18T08:19:45,3,0,1,3
2025-07-18T08:51:17,3,0,1,3
2025-07-18T09:22:11,3,0,1,3
2025-07-18T09:53:10,3,0,1,3
2025-07-18T10:23:53,3,0,1,3
2025-07-18T10:54:32,3,0,1,3
2025-07-18T11:25:16,3,0,1,3
2025-07-18T11:55:57,3,0,1,3
2025-07-18T12:27:05,3,0,1,3
2025-07-18T12:58:03,3,0,1,3
2025-07-18T13:28:50,3,0,1,3
2025-07-18T13:59:30,3,0,1,3
2025-07-18T14:31:05,3,0,1,3
2025-07-18T15:01:48,3,0,1,3
2025-07-18T15:32:12,3,0,1,3
2025-07-18T16:03:27,3,0,1,3
2025-07-18T16:35:02,3,0,1,3
2025-07-18T17:06:10,3,0,1,3
2025-07-18T17:36:49,3,0,1,3
2025-07-18T18:07:45,3,0,1,3
2025-07-18T18:38:34,3,0,1,3
2025-07-18T19:09:10,3,0,1,3
2025-07-18T19:40:00,3,0,1,3
2025-07-18T20:10:48,3,0,1,3
2025-07-18T20:41:55,3,0,1,3
2025-07-18T21:12:42,3,0,1,3
2025-07-18T21:43:46,3,0,1,3
2025-07-18T22:15:02,3,0,1,3
2025-07-18T22:46:05,3,0,1,3
2025-07-18T23:17:30,3,0,1,3
2025-07-18T23:48:28,3,0,1,3
2025-07-19T00:19:31,3,0,1,3
2025-07-19T00:50:12,3,0,1,3
2025-07-19T01:20:58,3,0,1,3
2025-07-19T01:51:57,3,0,1,3
2025-07-19T02:22:52,3,0,1,3
2025-07-19T02:53:48,3,0,1,3
2025-07-19T03:24:38,3,0,1,3
2025-07-19T03:55:20,3,0,1,3
2025-07-19T04:45:57,3,0,1,3
2025-07-19T05:16:58,3,0,1,3
2025-07-19T05:48:18,3,0,1,3
2025-07-19T06:19:18,3,0,1,3
2025-07-19T06:50:19,3,0,1,3
2025-07-19T07:21:21,3,0,1,3
2025-07-19T07:52:12,3,0,1,3
2025-07-19T08:23:03,3,0,1,3
2025-07-19T08:54:02,3,0,1,3
2025-07-19T09:24:50,3,0,1,3
2025-07-19T09:55:45,3,0,1,3
2025-07-19T10:26:27,3,0,1,3
2025-07-19T10:57:17,3,0,1,3
2025-07-19T11:27:57,3,0,1,3
2025-07-19T11:58:59,3,0,1,3
2025-07-19T12:29:56,3,0,1,3
2025-07-19T13:01:14,3,0,1,3
2025-07-19T13:32:02,3,0,1,3
2025-07-19T14:02:35,3,0,1,3
2025-07-19T14:33:24,3,0,1,3
2025-07-19T15:04:26,3,0,1,3
2025-07-19T15:35:00,3,0,1,3
2025-07-19T16:05:35,3,0,1,3
2025-07-19T16:36:39,3,0,1,3
2025-07-19T17:07:30,3,0,1,3
2025-07-19T17:38:14,3,0,1,3
2025-07-19T18:08:56,3,0,1,3
2025-07-19T18:39:48,3,0,1,3
2025-07-19T19:11:13,3,0,1,3
2025-07-19T19:42:06,3,0,1,3
2025-07-19T20:12:55,3,0,1,3
2025-07-19T20:44:00,3,0,1,3
2025-07-19T21:14:52,3,0,1,3
2025-07-19T21:45:59,3,0,1,3
2025-07-19T22:16:45,3,0,1,3
2025-07-19T22:47:22,3,0,1,3
2025-07-19T23:18:12,3,0,1,3
2025-07-19T23:49:13,3,0,1,3
2025-07-20T00:20:17,3,0,1,3
2025-07-20T01:08:49,3,0,1,3
2025-07-20T01:39:58,3,0,1,3
2025-07-20T02:11:23,3,0,1,3
2025-07-20T02:42:31,3,0,1,3
2025-07-20T03:13:40,3,0,1,3
2025-07-20T03:44:36,3,0,1,3
2025-07-20T04:15:36,3,0,1,3
2025-07-24T15:38:53,3,0,1,3
2025-07-24T16:09:59,3,0,1,3
2025-07-24T16:41:16,3,0,1,3
2025-07-24T17:12:06,3,0,1,3
2025-07-24T17:43:24,3,0,1,3
2025-07-24T18:14:43,3,0,1,3
2025-07-24T18:46:14,3,0,1,3
2025-07-24T19:17:17,3,0,1,3
2025-07-24T19:48:41,3,0,1,3
2025-07-24T20:19:53,3,0,1,3
2025-07-24T20:50:44,3,0,1,3
2025-07-24T21:21:55,3,0,1,3
2025-07-24T21:52:57,3,0,1,3
2025-07-24T22:23:47,3,0,1,3
2025-07-24T22:55:07,3,0,1,3
2025-07-24T23:26:09,3,0,1,3
2025-07-24T23:57:31,3,0,1,3
2025-07-25T00:29:07,3,0,1,3
2025-07-25T01:00:32,3,0,1,3
2025-07-25T01:31:40,3,0,1,3
2025-07-25T02:02:50,3,0,1,3
2025-07-25T02:34:01,3,0,1,3
2025-07-25T03:04:59,3,0,1,3
2025-07-25T03:36:03,3,0,1,3
2025-07-25T04:06:56,3,0,1,3
2025-07-25T04:40:50,3,0,1,3
2025-07-25T05:14:46,3,0,1,3
2025-07-25T05:45:40,3,0,1,3
2025-07-25T06:17:01,3,0,1,3
2025-07-27T23:51:48,3,0,1,3
2025-07-28T00:23:08,3,0,1,3
2025-07-28T00:54:23,3,0,1,3
2025-07-28T01:25:28,3,0,1,3
2025-07-28T01:56:30,3,0,1,3
2025-07-28T02:27:35,3,0,1,3
2025-07-28T02:58:39,3,0,1,3
2025-07-28T03:29:54,3,0,1,3
2025-07-28T04:00:49,3,0,1,3
2025-07-28T04:46:04,3,0,1,3
2025-07-28T05:17:06,3,0,1,3
2025-07-28T05:47:50,3,0,1,3
2025-07-28T06:19:11,3,0,1,3
2025-07-28T06:50:03,3,0,1,3
2025-07-28T07:21:04,3,0,1,3
2025-07-28T07:52:20,3,0,1,3
2025-07-28T08:23:40,3,0,1,3
2025-07-28T08:54:58,3,0,1,3
2025-07-28T09:26:16,3,0,1,3
2025-07-28T09:56:54,3,0,1,3
2025-07-28T10:28:09,3,0,1,3
2025-07-28T10:59:34,3,0,1,3
2025-07-28T11:30:29,3,0,1,3
2025-07-28T12:01:18,3,0,1,3
2025-07-28T12:32:17,3,0,1,3
2025-07-28T13:03:47,3,0,1,3
2025-07-28T13:35:17,3,0,1,3
2025-07-28T14:06:46,3,0,1,3
2025-07-28T14:37:33,3,0,1,3
2025-07-28T15:09:18,3,0,1,3
2025-07-28T15:40:04,3,0,1,3
2025-07-28T16:11:42,3,0,1,3
2025-07-28T16:42:40,3,0,1,3
2025-07-28T17:13:55,3,0,1,3
2025-07-28T17:45:09,3,0,1,3
2025-07-28T18:16:22,3,0,1,3
2025-07-28T18:47:05,3,0,1,3
2025-07-28T19:18:20,3,0,1,3
2025-07-28T19:50:03,3,0,1,3
2025-07-28T20:21:34,3,0,1,3
2025-07-28T20:52:44,3,0,1,3
2025-07-28T21:23:38,3,0,1,3
2025-07-28T21:54:50,3,0,1,3
2025-07-28T22:25:53,3,0,1,3
2025-07-28T22:57:36,3,0,1,3
2025-07-28T23:29:07,3,0,1,3
2025-07-29T00:00:34,3,0,1,3
2025-07-29T00:31:51,3,0,1,3
2025-07-29T01:02:41,3,0,1,3
2025-07-29T01:33:46,3,0,1,3
2025-07-29T02:04:45,3,0,1,3
2025-07-29T02:35:47,3,0,1,3
2025-07-29T03:06:47,3,0,1,3
2025-07-29T03:38:05,3,0,1,3
2025-07-29T04:11:40,3,0,1,3
2025-07-29T04:44:55,3,0,1,3
2025-07-29T05:16:08,3,0,1,3
2025-07-29T05:47:19,3,0,1,3
2025-07-29T06:18:21,3,0,1,3
2025-07-29T06:49:32,3,0,1,3
2025-07-29T07:20:37,3,0,1,3
2025-07-29T07:51:27,3,0,1,3
2025-07-29T08:22:47,3,0,1,3
2025-07-29T08:54:08,3,0,1,3
2025-07-29T09:25:09,3,0,1,3
2025-07-29T09:56:02,3,0,1,3
2025-07-29T10:27:55,3,0,1,3
2025-07-29T10:59:21,3,0,1,3
2025-07-29T11:30:17,3,0,1,3
2025-07-29T12:01:15,3,0,1,3
2025-07-29T12:32:45,3,0,1,3
2025-07-29T13:04:00,3,0,1,3
2025-07-29T13:35:12,3,0,1,3
2025-07-29T14:06:27,3,0,1,3
2025-07-29T14:37:59,3,0,1,3
2025-07-29T15:09:22,3,0,1,3
2025-07-29T15:40:23,3,0,1,3
2025-07-29T16:11:25,3,0,1,3
2025-07-29T16:42:54,3,0,1,3
2025-07-29T17:14:10,3,0,1,3
2025-07-29T17:45:01,3,0,1,3
2025-07-29T18:16:22,3,0,1,3
2025-07-29T18:47:59,3,0,1,3
2025-07-29T19:19:15,3,0,1,3
2025-07-29T19:50:20,3,0,1,3
2025-07-29T20:21:56,3,0,1,3
2025-07-29T20:53:26,3,0,1,3
2025-07-29T21:24:06,3,0,1,3
2025-07-29T21:55:13,3,0,1,3
2025-07-29T22:26:35,3,0,1,3
2025-07-29T22:57:46,3,0,1,3
2025-07-29T23:28:42,3,0,1,3
2025-07-30T00:00:13,3,0,1,3
2025-07-30T00:31:44,3,0,1,3
2025-07-30T01:02:57,3,0,1,3
2025-07-30T01:34:23,3,0,1,3
2025-07-30T02:05:33,3,0,1,3
2025-07-30T02:37:12,3,0,1,3
2025-07-30T03:08:38,3,0,1,3
2025-07-30T03:39:50,3,0,1,3
2025-07-30T04:37:36,3,0,1,3
2025-07-30T05:08:48,3,0,1,3
2025-07-30T05:39:41,3,0,1,3
2025-07-30T06:11:21,3,0,1,3
2025-07-30T06:42:09,3,0,1,3
2025-07-30T07:13:26,3,0,1,3
2025-07-30T07:44:11,3,0,1,3
2025-07-30T08:15:27,3,0,1,3
2025-07-30T08:46:41,3,0,1,3
2025-07-30T09:17:55,3,0,1,3
2025-07-30T09:48:44,3,0,1,3
2025-07-30T10:20:00,3,0,1,3
2025-07-30T10:51:29,3,0,1,3
2025-07-30T11:22:48,3,0,1,3
2025-07-30T11:53:53,3,0,1,3
2025-07-30T12:24:58,3,0,1,3
2025-07-30T12:56:01,3,0,1,3
2025-07-30T13:27:00,3,0,1,3
2025-07-30T13:58:19,3,0,1,3
2025-07-30T14:29:03,3,0,1,3
2025-07-30T15:00:32,3,0,1,3
2025-07-30T15:32:16,3,0,1,3
2025-07-30T16:03:26,3,0,1,3
2025-07-30T16:34:24,3,0,1,3
2025-07-30T17:06:09,3,0,1,3
2025-07-30T17:37:20,3,0,1,3
2025-07-30T18:08:24,3,0,1,3
2025-07-30T18:39:32,3,0,1,3
2025-07-30T19:11:15,3,0,1,3
2025-07-30T19:42:30,3,0,1,3
2025-07-30T20:13:28,3,0,1,3
2025-07-30T20:44:55,3,0,1,3
2025-07-30T21:16:20,3,0,1,3
2025-07-30T21:47:12,3,0,1,3
2025-07-30T22:18:38,3,0,1,3
2025-07-30T22:50:08,3,0,1,3
2025-07-30T23:21:24,3,0,1,3
2025-07-30T23:52:32,3,0,1,3
2025-07-31T00:23:36,3,0,1,3
2025-07-31T00:54:55,3,0,1,3
2025-07-31T01:26:17,3,0,1,3
2025-07-31T01:57:32,3,0,1,3
2025-07-31T02:28:49,3,0,1,3
2025-07-31T02:59:38,3,0,1,3
2025-07-31T03:30:45,3,0,1,3
2025-07-31T04:02:06,3,0,1,3
2025-07-31T04:45:14,3,0,1,3
2025-07-31T05:16:13,3,0,1,3
2025-07-31T05:47:17,3,0,1,3
2025-07-31T06:18:41,3,0,1,3
2025-07-31T06:49:30,3,0,1,3
2025-07-31T07:20:31,3,0,1,3
2025-07-31T07:51:41,3,0,1,3
2025-07-31T08:23:04,3,0,1,3
2025-07-31T08:54:18,3,0,1,3
2025-07-31T09:25:48,3,0,1,3
2025-07-31T09:56:31,3,0,1,3
2025-07-31T10:27:55,3,0,1,3
2025-07-31T10:59:07,3,0,1,3
2025-07-31T11:30:49,3,0,1,3
2025-07-31T12:02:03,3,0,1,3
2025-07-31T12:33:25,3,0,1,3
2025-07-31T13:04:37,3,0,1,3
2025-07-31T13:35:45,3,0,1,3
2025-07-31T14:07:15,3,0,1,3
2025-07-31T14:38:33,3,0,1,3
2025-07-31T15:09:39,3,0,1,3
2025-07-31T15:40:46,3,0,1,3
2025-07-31T16:11:51,3,0,1,3
2025-07-31T16:43:14,3,0,1,3
2025-07-31T17:14:31,3,0,1,3
2025-07-31T17:45:42,3,0,1,3
2025-07-31T18:17:13,3,0,1,3
2025-07-31T18:48:16,3,0,1,3
2025-07-31T19:19:12,3,0,1,3
2025-07-31T19:50:27,3,0,1,3
2025-07-31T20:22:02,3,0,1,3
2025-07-31T20:53:17,3,0,1,3
2025-07-31T21:24:37,3,0,1,3
2025-07-31T21:55:33,3,0,1,3
2025-07-31T22:26:39,3,0,1,3
2025-07-31T22:57:43,3,0,1,3
2025-07-31T23:28:51,3,0,1,3
2025-08-01T00:00:05,3,0,1,3
2025-08-01T00:31:44,3,0,1,3
2025-08-01T01:03:00,3,0,1,3
2025-08-01T01:34:22,3,0,1,3
2025-08-01T02:05:31,3,0,1,3
2025-08-01T02:36:31,3,0,1,3
2025-08-01T03:08:12,3,0,1,3
2025-08-01T03:39:36,3,0,1,3
2025-08-01T04:10:59,3,0,1,3
2025-08-01T04:44:56,3,0,1,3
2025-08-01T05:16:20,3,0,1,3
2025-08-01T05:47:30,3,0,1,3
2025-08-01T06:19:19,3,0,1,3
2025-08-01T06:50:51,3,0,1,3
2025-08-01T07:22:30,3,0,1,3
2025-08-01T07:53:57,3,0,1,3
2025-08-01T08:24:54,3,0,1,3
2025-08-01T08:56:00,3,0,1,3
2025-08-01T09:27:11,3,0,1,3
2025-08-01T09:58:22,3,0,1,3
2025-08-01T10:29:59,3,0,1,3
2025-08-01T11:01:40,3,0,1,3
2025-08-01T11:33:10,3,0,1,3
2025-08-01T12:04:48,3,0,1,3
2025-08-01T12:36:27,3,0,1,3
2025-08-01T13:07:59,3,0,1,3
2025-08-01T13:39:12,3,0,1,3
2025-08-01T14:10:51,3,0,1,3
2025-08-01T14:42:21,3,0,1,3
2025-08-01T15:13:41,3,0,1,3
2025-08-01T15:45:27,3,0,1,3
2025-08-01T16:16:14,3,0,1,3
2025-08-01T16:47:16,3,0,1,3
2025-08-01T17:18:24,3,0,1,3
2025-08-01T17:49:59,3,0,1,3
2025-08-01T18:21:08,3,0,1,3
2025-08-01T18:52:40,3,0,1,3
2025-08-01T19:24:22,3,0,1,3
2025-08-01T19:55:46,3,0,1,3
2025-08-01T20:26:53,3,0,1,3
2025-08-01T20:58:14,3,0,1,3
2025-08-01T21:29:09,3,0,1,3
2025-08-01T22:00:47,3,0,1,3
2025-08-01T22:31:37,3,0,1,3
2025-08-01T23:02:24,3,0,1,3
2025-08-01T23:33:22,3,0,1,3
2025-08-02T00:04:19,3,0,1,3
2025-08-02T00:35:36,3,0,1,3
2025-08-02T01:06:55,3,0,1,3
2025-08-02T01:38:04,3,0,1,3
2025-08-02T02:09:39,3,0,1,3
2025-08-02T02:41:01,3,0,1,3
2025-08-02T03:12:42,3,0,1,3
2025-08-02T03:44:24,3,0,1,3
2025-08-02T04:42:18,3,0,1,3
2025-08-02T05:13:56,3,0,1,3
2025-08-02T05:45:40,3,0,1,3
2025-08-02T06:16:30,3,0,1,3
2025-08-02T06:47:15,3,0,1,3
2025-08-02T07:18:17,3,0,1,3
2025-08-02T07:49:22,3,0,1,3
2025-08-02T08:20:38,3,0,1,3
2025-08-02T08:51:42,3,0,1,3
2025-08-02T09:22:51,3,0,1,3
2025-08-02T09:54:08,3,0,1,3
2025-08-02T10:25:14,3,0,1,3
2025-08-02T10:56:52,3,0,1,3
2025-08-02T11:27:51,3,0,1,3
2025-08-02T11:58:48,3,0,1,3
2025-08-02T12:30:12,3,0,1,3
2025-08-02T13:01:44,3,0,1,3
2025-08-02T13:32:52,3,0,1,3
2025-08-02T14:04:05,3,0,1,3
2025-08-02T14:35:13,3,0,1,3
2025-08-02T15:06:14,3,0,1,3
2025-08-02T15:37:04,3,0,1,3
2025-08-02T16:08:14,3,0,1,3
2025-08-02T16:39:56,3,0,1,3
2025-08-02T17:10:58,3,0,1,3
2025-08-02T17:42:00,3,0,1,3
2025-08-02T18:13:09,3,0,1,3
2025-08-02T18:44:44,3,0,1,3
2025-08-02T19:15:55,3,0,1,3
2025-08-02T19:47:11,3,0,1,3
2025-08-02T20:18:02,3,0,1,3
2025-08-02T20:49:26,3,0,1,3
2025-08-02T21:20:20,3,0,1,3
2025-08-02T21:51:37,3,0,1,3
2025-08-02T22:23:02,3,0,1,3
2025-08-02T22:54:23,3,0,1,3
2025-08-02T23:25:35,3,0,1,3
2025-08-02T23:56:47,3,0,1,3
2025-08-03T00:28:40,3,0,1,3
2025-08-03T01:00:47,3,0,1,3
2025-08-03T01:32:41,3,0,1,3
2025-08-03T02:04:26,3,0,1,3
2025-08-03T02:35:42,3,0,1,3
2025-08-03T03:07:13,3,0,1,3
2025-08-03T03:38:30,3,0,1,3
2025-08-03T04:09:30,3,0,1,3
2025-08-03T04:39:59,3,0,1,3
2025-08-03T05:10:53,3,0,1,3
2025-08-03T05:42:11,3,0,1,3
2025-08-03T06:13:22,3,0,1,3
2025-08-03T06:44:41,3,0,1,3
2025-08-03T07:16:33,3,0,1,3
2025-08-03T07:47:35,3,0,1,3
2025-08-03T08:19:02,3,0,1,3
2025-08-03T08:49:58,3,0,1,3
2025-08-03T09:21:08,3,0,1,3
2025-08-03T09:52:15,3,0,1,3
2025-08-03T10:23:14,3,0,1,3
2025-08-03T10:54:26,3,0,1,3
2025-08-03T11:25:46,3,0,1,3
2025-08-03T11:56:37,3,0,1,3
2025-08-03T12:27:47,3,0,1,3
2025-08-03T12:58:37,3,0,1,3
2025-08-03T13:30:05,3,0,1,3
2025-08-03T14:01:12,3,0,1,3
2025-08-03T14:32:08,3,0,1,3
2025-08-03T15:03:01,3,0,1,3
2025-08-03T15:34:02,3,0,1,3
2025-08-03T16:05:06,3,0,1,3
2025-08-03T16:36:18,3,0,1,3
2025-08-03T17:07:33,3,0,1,3
2025-08-03T17:38:37,3,0,1,3
2025-08-03T18:09:58,3,0,1,3
2025-08-03T18:41:03,3,0,1,3
2025-08-03T19:11:49,3,0,1,3
2025-08-03T19:42:36,3,0,1,3
2025-08-03T20:13:37,3,0,1,3
2025-08-03T20:44:57,3,0,1,3
2025-08-03T21:16:14,3,0,1,3
2025-08-03T21:47:16,3,0,1,3
2025-08-03T22:18:38,3,0,1,3
2025-08-03T22:49:48,3,0,1,3
2025-08-03T23:20:56,3,0,1,3
2025-08-03T23:52:11,3,0,1,3
2025-08-04T00:23:35,3,0,1,3
2025-08-04T00:54:31,3,0,1,3
2025-08-04T01:25:42,3,0,1,3
2025-08-04T01:57:07,3,0,1,3
2025-08-04T02:28:13,3,0,1,3
2025-08-04T02:59:45,3,0,1,3
2025-08-04T03:30:48,3,0,1,3
2025-08-04T04:03:56,3,0,1,3
2025-08-04T04:40:57,3,0,1,3
2025-08-04T05:12:22,3,0,1,3
2025-08-04T05:43:43,3,0,1,3
2025-08-04T06:15:12,3,0,1,3
2025-08-04T06:46:13,3,0,1,3
2025-08-04T07:17:01,3,0,1,3
2025-08-04T07:47:55,3,0,1,3
2025-08-04T08:18:47,3,0,1,3
2025-08-04T08:49:39,3,0,1,3
2025-08-04T09:21:19,3,0,1,3
2025-08-04T09:52:22,3,0,1,3
2025-08-04T10:23:35,3,0,1,3
2025-08-04T10:54:45,3,0,1,3
2025-08-04T11:26:01,3,0,1,3
2025-08-04T11:57:30,3,0,1,3
2025-08-04T12:28:53,3,0,1,3
2025-08-04T13:00:21,3,0,1,3
2025-08-04T13:31:38,3,0,1,3
2025-08-04T14:02:54,3,0,1,3
2025-08-04T14:34:22,3,0,1,3
2025-08-04T15:05:44,3,0,1,3
2025-08-04T15:36:51,3,0,1,3
2025-08-04T16:08:21,3,0,1,3
2025-08-04T17:11:41,3,0,1,3
2025-08-04T17:42:40,3,0,1,3
2025-08-04T18:13:51,3,0,1,3
2025-08-04T18:44:49,3,0,1,3
2025-08-04T19:16:00,3,0,1,3
2025-08-04T19:47:19,3,0,1,3
2025-08-04T20:18:34,3,0,1,3
2025-08-04T20:49:36,3,0,1,3
2025-08-04T21:20:49,3,0,1,3
2025-08-04T21:51:53,3,0,1,3
2025-08-04T22:23:31,3,0,1,3
2025-08-04T22:54:38,3,0,1,3
2025-08-04T23:25:54,3,0,1,3
2025-08-04T23:57:10,3,0,1,3
2025-08-05T00:28:26,3,0,1,3
2025-08-05T00:59:27,3,0,1,3
2025-08-05T01:30:40,3,0,1,3
2025-08-05T02:02:19,3,0,1,3
2025-08-05T02:33:31,3,0,1,3
2025-08-05T03:04:39,3,0,1,3
2025-08-05T03:36:04,3,0,1,3
2025-08-05T04:07:48,3,0,1,3
2025-08-05T04:39:09,3,0,1,3
2025-08-05T05:10:50,3,0,1,3
2025-08-05T05:42:24,3,0,1,3
2025-08-05T06:13:32,3,0,1,3
2025-08-05T06:44:45,3,0,1,3
2025-08-05T07:15:33,3,0,1,3
2025-08-05T07:47:13,3,0,1,3
2025-08-05T08:18:26,3,0,1,3
2025-08-05T08:49:35,3,0,1,3
2025-08-05T09:20:51,3,0,1,3
2025-08-05T09:52:06,3,0,1,3
2025-08-05T10:23:07,3,0,1,3
2025-08-05T10:54:56,3,0,1,3
2025-08-05T11:26:49,3,0,1,3
2025-08-05T11:58:32,3,0,1,3
2025-08-05T12:30:05,3,0,1,3
2025-08-05T13:01:07,3,0,1,3
2025-08-05T13:32:34,3,0,1,3
2025-08-05T14:03:49,3,0,1,3
2025-08-05T14:35:09,3,0,1,3
2025-08-05T15:06:25,3,0,1,3
2025-08-05T15:37:52,3,0,1,3
2025-08-05T16:09:12,3,0,1,3
2025-08-05T16:40:22,3,0,1,3
2025-08-05T17:11:33,3,0,1,3
2025-08-05T17:42:57,3,0,1,3
2025-08-05T18:14:24,3,0,1,3
2025-08-05T18:45:28,3,0,1,3
2025-08-05T19:16:43,3,0,1,3
2025-08-05T19:48:08,3,0,1,3
2025-08-05T20:19:28,3,0,1,3
2025-08-05T20:51:02,3,0,1,3
2025-08-05T21:22:27,3,0,1,3
2025-08-05T21:53:47,3,0,1,3
2025-08-05T22:25:03,3,0,1,3
2025-08-05T22:56:36,3,0,1,3
2025-08-05T23:27:46,3,0,1,3
2025-08-05T23:59:08,3,0,1,3
2025-08-06T00:30:38,3,0,1,3
2025-08-06T01:02:16,3,0,1,3
2025-08-06T01:33:30,3,0,1,3
2025-08-06T02:05:24,3,0,1,3
2025-08-06T02:36:35,3,0,1,3
2025-08-06T03:08:08,3,0,1,3
2025-08-06T03:39:22,3,0,1,3
2025-08-06T04:10:54,3,0,1,3
2025-08-06T04:44:51,3,0,1,3
2025-08-06T05:16:00,3,0,1,3
2025-08-06T05:49:13,3,0,1,3
2025-08-06T06:20:30,3,0,1,3
2025-08-06T06:51:48,3,0,1,3
2025-08-06T07:23:05,3,0,1,3
2025-08-06T08:17:03,3,0,1,3
2025-08-06T08:48:03,3,12,1,15
2025-08-06T09:19:32,3,12,1,15
2025-08-06T09:51:05,3,12,1,15
2025-08-06T10:22:32,3,12,1,15
2025-08-06T10:54:02,3,12,1,15
2025-08-06T11:25:23,3,12,1,15
2025-08-06T11:56:44,3,12,1,15
2025-08-06T12:27:29,3,12,1,15
2025-08-06T12:58:59,3,12,1,15
2025-08-06T13:30:17,3,12,1,15
2025-08-06T14:01:48,3,12,1,15
2025-08-06T14:33:18,3,12,1,15
2025-08-06T15:04:26,3,12,1,15
2025-08-06T15:35:25,3,12,1,15
2025-08-06T16:06:50,3,12,1,15
2025-08-06T16:38:12,3,12,1,15
2025-08-06T17:09:23,3,12,1,15
2025-08-06T17:40:32,3,12,1,15
2025-08-06T18:12:20,3,12,1,15
2025-08-06T18:43:46,3,12,1,15
2025-08-06T19:15:05,3,12,1,15
2025-08-06T19:46:20,3,12,1,15
2025-08-06T20:17:36,3,12,1,15
2025-08-06T20:49:33,3,12,1,15
2025-08-06T21:20:39,3,12,1,15
2025-08-06T21:51:33,3,12,1,15
2025-08-06T22:23:08,3,12,1,15
2025-08-06T22:54:32,3,12,1,15
2025-08-06T23:25:45,3,12,1,15
2025-08-06T23:56:44,3,12,1,15
2025-08-07T00:28:12,3,12,1,15
2025-08-07T00:59:26,3,12,1,15
2025-08-07T01:30:42,3,12,1,15
2025-08-07T02:02:09,3,12,1,15
2025-08-07T02:33:38,3,12,1,15
2025-08-07T03:05:28,3,12,1,15
2025-08-07T03:36:35,3,12,1,15
2025-08-07T04:07:53,3,12,1,15
2025-08-07T04:43:25,3,12,1,15
2025-08-07T05:14:52,3,12,1,15
2025-08-07T05:45:57,3,12,1,15
2025-08-07T06:16:53,3,12,1,15
2025-08-07T06:48:04,3,12,1,15
2025-08-07T07:19:30,3,12,1,15
2025-08-07T07:50:51,3,12,1,15
2025-08-07T08:21:51,3,12,1,15
2025-08-07T08:52:58,3,12,1,15
2025-08-07T09:23:50,3,12,1,15
2025-08-07T09:54:44,3,12,1,15
2025-08-07T10:26:16,3,12,1,15
2025-08-07T10:57:03,3,12,1,15
2025-08-07T11:28:07,3,12,1,15
2025-08-07T11:59:19,3,12,1,15
2025-08-07T12:30:45,3,12,1,15
2025-08-07T13:02:06,3,12,1,15
2025-08-07T13:33:06,3,12,1,15
2025-08-07T14:04:25,3,12,1,15
2025-08-07T14:35:37,3,12,1,15
2025-08-07T15:07:01,3,12,1,15
2025-08-07T15:38:30,3,12,1,15
2025-08-07T16:09:55,3,12,1,15
2025-08-07T16:41:12,3,12,1,15
2025-08-07T17:12:14,3,12,1,15
2025-08-07T17:43:18,3,12,1,15
2025-08-07T18:14:38,3,12,1,15
2025-08-07T18:45:52,3,12,1,15
2025-08-07T19:17:03,3,12,1,15
2025-08-07T19:48:13,3,12,1,15
2025-08-07T20:19:48,3,12,1,15
2025-08-07T20:50:43,3,12,1,15
2025-08-07T21:22:09,3,12,1,15
2025-08-07T21:53:48,3,12,1,15
2025-08-07T22:25:07,3,12,1,15
2025-08-07T22:56:22,3,12,1,15
2025-08-07T23:28:21,3,12,1,15
2025-08-08T00:00:40,3,12,1,15
2025-08-08T00:33:18,3,12,1,15
2025-08-08T01:06:19,3,12,1,15
2025-08-08T01:37:25,3,12,1,15
2025-08-08T02:08:46,3,12,1,15
2025-08-08T02:40:21,3,12,1,15
2025-08-08T03:11:29,3,12,1,15
2025-08-08T03:42:56,3,12,1,15
2025-08-08T11:45:48,3,12,1,15
2025-08-08T12:17:07,3,12,1,15
2025-08-08T12:48:38,3,12,1,15
2025-08-08T13:20:02,3,12,1,15
2025-08-08T13:51:07,3,12,1,15
2025-08-08T14:22:06,3,12,1,15
2025-08-08T14:53:20,3,12,1,15
2025-08-08T15:24:42,3,12,1,15
2025-08-08T15:56:05,3,12,1,15
2025-08-08T16:26:53,3,12,1,15
2025-08-08T16:58:19,3,12,1,15
2025-08-08T17:29:51,3,12,1,15
2025-08-08T18:00:58,3,12,1,15
2025-08-08T18:31:54,3,12,1,15
2025-08-08T19:03:14,3,12,1,15
2025-08-08T19:34:32,3,12,1,15
2025-08-08T20:05:54,3,12,1,15
2025-08-08T20:37:06,3,12,1,15
2025-08-08T21:08:34,3,12,1,15
2025-08-08T21:39:51,3,12,1,15
2025-08-08T22:10:56,3,12,1,15
2025-08-08T22:42:12,3,12,1,15
2025-08-08T23:13:20,3,12,1,15
2025-08-08T23:44:28,3,12,1,15
2025-08-09T00:15:35,3,12,1,15
2025-08-09T00:47:40,3,12,1,15
2025-08-09T01:18:50,3,12,1,15
2025-08-09T01:50:33,3,12,1,15
2025-08-09T02:22:03,3,12,1,15
2025-08-09T02:53:19,3,12,1,15
2025-08-09T03:24:50,3,12,1,15
2025-08-09T03:55:58,3,12,1,15
2025-08-09T04:43:08,3,12,1,15
2025-08-09T05:15:10,3,12,1,15
2025-08-09T05:46:34,3,12,1,15
2025-08-09T06:18:19,3,12,1,15
2025-08-09T06:49:29,3,12,1,15
2025-08-09T07:20:28,3,12,1,15
2025-08-09T07:51:27,3,12,1,15
2025-08-09T08:22:50,3,12,1,15
2025-08-09T08:54:01,3,12,1,15
2025-08-09T09:25:15,3,12,1,15
2025-08-09T09:56:32,3,12,1,15
2025-08-09T10:27:54,3,12,1,15
2025-08-09T10:58:57,3,12,1,15
2025-08-09T11:29:44,3,12,1,15
2025-08-09T12:00:31,3,12,1,15
2025-08-09T12:31:35,3,12,1,15
2025-08-09T13:02:29,3,12,1,15
2025-08-09T13:33:50,3,12,1,15
2025-08-09T14:05:08,3,12,1,15
2025-08-09T14:36:35,3,12,1,15
2025-08-09T15:07:56,3,12,1,15
2025-08-09T15:38:44,3,12,1,15
2025-08-09T16:09:43,3,12,1,15
2025-08-09T16:40:54,3,12,1,15
2025-08-09T17:12:07,3,12,1,15
2025-08-09T17:43:35,3,12,1,15
2025-08-09T18:14:51,3,12,1,15
2025-08-09T18:45:47,3,12,1,15
2025-08-09T19:17:15,3,12,1,15
2025-08-09T19:48:37,3,12,1,15
2025-08-09T20:19:41,3,12,1,15
2025-08-09T20:50:41,3,12,1,15
2025-08-09T21:22:07,3,12,1,15
2025-08-09T21:53:30,3,12,1,15
2025-08-09T22:24:48,3,12,1,15
2025-08-09T22:56:01,3,12,1,15
2025-08-09T23:27:26,3,12,1,15
2025-08-09T23:58:52,3,12,1,15
2025-08-10T00:30:05,3,12,1,15
2025-08-10T01:01:23,3,12,1,15
2025-08-10T01:32:35,3,12,1,15
2025-08-10T02:03:31,3,12,1,15
2025-08-10T02:34:49,3,12,1,15
2025-08-10T03:06:20,3,12,1,15
2025-08-10T03:37:51,3,12,1,15
2025-08-10T04:09:17,3,12,1,15
2025-08-10T04:50:42,3,12,1,15
2025-08-10T05:21:57,3,12,1,15
2025-08-10T05:53:10,3,12,1,15
2025-08-10T06:24:27,3,12,1,15
2025-08-10T06:55:53,3,12,1,15
2025-08-10T07:26:54,3,12,1,15
2025-08-10T07:58:20,3,12,1,15
2025-08-10T08:29:29,3,12,1,15
2025-08-10T09:00:49,3,12,1,15
2025-08-10T09:32:02,3,12,1,15
2025-08-10T10:03:03,3,12,1,15
2025-08-10T10:34:16,3,12,1,15
2025-08-10T11:05:48,3,12,1,15
2025-08-10T11:37:06,3,12,1,15
2025-08-10T12:08:12,3,12,1,15
2025-08-10T12:39:25,3,12,1,15
2025-08-10T13:10:27,3,12,1,15
2025-08-10T13:41:51,3,12,1,15
2025-08-10T14:13:05,3,12,1,15
2025-08-10T14:43:58,3,12,1,15
2025-08-10T15:15:09,3,12,1,15
2025-08-10T15:46:09,3,12,1,15
2025-08-10T16:17:31,3,12,1,15
2025-08-10T16:48:32,3,12,1,15
2025-08-10T17:20:09,3,12,1,15
2025-08-10T17:51:50,3,12,1,15
2025-08-10T18:23:04,3,12,1,15
2025-08-10T18:53:53,3,12,1,15
2025-08-10T19:25:07,3,12,1,15
2025-08-10T19:56:08,3,12,1,15
2025-08-10T20:27:12,3,12,1,15
2025-08-10T20:58:25,3,12,1,15
2025-08-10T21:29:30,3,12,1,15
2025-08-10T22:01:07,3,12,1,15
2025-08-10T22:32:36,3,12,1,15
2025-08-10T23:04:02,3,12,1,15
2025-08-10T23:35:00,3,12,1,15
2025-08-11T00:06:15,3,12,1,15
2025-08-11T00:37:38,3,12,1,15
2025-08-11T01:09:00,3,12,1,15
2025-08-11T01:40:08,3,12,1,15
2025-08-11T02:11:17,3,12,1,15
2025-08-11T02:42:10,3,12,1,15
2025-08-11T03:13:20,3,12,1,15
2025-08-11T03:44:50,3,12,1,15
2025-08-11T04:38:32,3,12,1,15
2025-08-11T05:10:04,3,12,1,15
2025-08-11T05:41:46,3,12,1,15
2025-08-11T06:13:13,3,12,1,15
2025-08-11T06:44:11,3,12,1,15
2025-08-11T07:15:34,3,12,1,15
2025-08-11T07:46:46,3,12,1,15
2025-08-11T08:18:03,3,12,1,15
2025-08-11T08:49:01,3,12,1,15
2025-08-11T09:20:09,3,12,1,15
2025-08-11T09:51:09,3,12,1,15
2025-08-11T10:22:32,3,12,1,15
2025-08-11T10:53:54,3,12,1,15
2025-08-11T11:24:59,3,12,1,15
2025-08-11T11:56:07,3,12,1,15
2025-08-11T12:27:24,3,12,1,15
2025-08-11T12:58:30,3,12,1,15
2025-08-11T13:30:20,3,12,1,15
2025-08-11T14:01:28,3,12,1,15
2025-08-11T14:33:00,3,12,1,15
2025-08-11T15:04:27,3,12,1,15
2025-08-11T15:35:43,3,12,1,15
2025-08-11T16:06:40,3,12,1,15
2025-08-11T16:37:49,3,12,1,15
2025-08-11T17:08:39,3,12,1,15
2025-08-11T17:39:49,3,12,1,15
2025-08-11T18:10:41,3,12,1,15
2025-08-11T18:42:22,3,12,1,15
2025-08-11T19:13:41,3,12,1,15
2025-08-11T19:44:43,3,12,1,15
2025-08-11T20:15:59,3,12,1,15
2025-08-11T20:46:52,3,12,1,15
2025-08-11T21:18:42,3,12,1,15
2025-08-11T21:50:18,3,12,1,15
2025-08-11T22:21:51,3,12,1,15
2025-08-11T22:53:01,3,12,1,15
2025-08-11T23:24:04,3,12,1,15
2025-08-11T23:55:13,3,12,1,15
2025-08-12T00:26:50,3,12,1,15
2025-08-12T00:58:57,3,12,1,15
2025-08-12T01:30:41,3,12,1,15
2025-08-12T02:02:33,3,12,1,15
2025-08-12T02:34:02,3,12,1,15
2025-08-12T03:05:24,3,12,1,15
2025-08-12T03:36:39,3,12,1,15
2025-08-12T04:37:04,3,12,1,15
2025-08-12T05:08:32,3,12,1,15
2025-08-12T05:40:08,3,12,1,15
2025-08-12T06:11:13,3,12,1,15
2025-08-12T06:42:28,3,12,1,15
2025-08-12T07:13:38,3,12,1,15
2025-08-12T07:44:56,3,12,1,15
2025-08-12T08:16:07,3,12,1,15
2025-08-12T08:46:58,3,12,1,15
2025-08-12T09:18:14,3,12,1,15
2025-08-12T09:49:31,3,12,1,15
2025-08-12T10:20:59,3,12,1,15
2025-08-12T10:52:25,3,12,1,15
2025-08-12T11:24:09,3,12,1,15
2025-08-12T11:55:06,3,12,1,15
2025-08-12T12:26:38,3,12,1,15
2025-08-12T12:57:22,3,12,1,15
2025-08-12T13:28:48,3,12,1,15
2025-08-12T14:00:03,3,12,1,15
2025-08-12T14:31:34,3,12,1,15
2025-08-12T15:03:03,3,12,1,15
2025-08-12T15:33:46,3,12,1,15
2025-08-12T16:04:46,3,12,1,15
2025-08-12T16:35:55,3,12,1,15
2025-08-12T17:06:51,3,12,1,15
2025-08-12T17:37:43,3,12,1,15
2025-08-12T18:08:50,3,12,1,15
2025-08-12T18:39:41,3,12,1,15
2025-08-12T19:10:34,3,12,1,15
2025-08-12T19:42:15,3,12,1,15
2025-08-12T20:13:11,3,12,1,15
2025-08-12T20:44:33,3,12,1,15
2025-08-12T21:15:54,3,12,1,15
2025-08-12T21:47:13,3,12,1,15
2025-08-12T22:18:28,3,12,1,15
2025-08-12T22:49:49,3,12,1,15
2025-08-12T23:21:21,3,12,1,15
2025-08-12T23:52:51,3,12,1,15
2025-08-13T00:24:08,3,12,1,15
2025-08-13T00:55:06,3,12,1,15
2025-08-13T01:26:16,3,12,1,15
2025-08-13T01:57:34,3,12,1,15
2025-08-13T02:28:51,3,12,1,15
2025-08-13T03:00:02,3,12,1,15
2025-08-13T03:31:45,3,12,1,15
2025-08-13T04:02:48,3,12,1,15
2025-08-13T04:43:52,3,12,1,15
2025-08-13T05:15:03,3,12,1,15
2025-08-13T05:46:37,3,12,1,15
2025-08-13T06:17:30,3,12,1,15
2025-08-13T06:48:33,3,12,1,15
2025-08-13T07:19:55,3,12,1,15
2025-08-13T07:50:50,3,12,1,15
2025-08-13T08:21:49,3,12,1,15
2025-08-13T08:53:12,3,12,1,15
2025-08-13T09:25:03,3,12,1,15
2025-08-13T09:56:10,3,12,1,15
2025-08-13T10:27:39,3,12,1,15
2025-08-13T10:58:55,3,12,1,15
2025-08-13T11:30:15,3,12,1,15
2025-08-13T12:01:35,3,12,1,15
2025-08-13T12:32:46,3,12,1,15
2025-08-13T13:04:42,3,12,1,15
2025-08-13T13:36:36,3,12,1,15
2025-08-13T14:07:44,3,12,1,15
2025-08-13T14:38:57,3,12,1,15
2025-08-13T15:28:14,3,12,1,15
2025-08-13T15:59:49,3,12,1,15
2025-08-13T16:31:54,3,12,1,15
2025-08-13T17:03:29,3,12,1,15
2025-08-13T17:34:55,3,12,1,15
2025-08-13T18:06:10,3,12,1,15
2025-08-13T18:37:18,3,12,1,15
2025-08-13T19:08:34,3,12,1,15
2025-08-13T19:39:26,3,12,1,15
2025-08-13T20:10:34,3,12,1,15
2025-08-13T20:41:45,3,12,1,15
2025-08-13T21:12:46,3,12,1,15
2025-08-13T21:43:33,3,12,1,15
2025-08-13T22:14:49,3,12,1,15
2025-08-13T22:46:01,3,12,1,15
2025-08-13T23:17:19,3,12,1,15
2025-08-13T23:48:24,3,12,1,15
2025-08-14T00:19:32,3,12,1,15
2025-08-14T00:50:32,3,12,1,15
2025-08-14T01:22:00,3,12,1,15
2025-08-14T01:53:12,3,12,1,15
2025-08-14T02:24:19,3,12,1,15
2025-08-14T02:55:42,3,12,1,15
2025-08-14T03:27:15,3,12,1,15
2025-08-14T03:58:19,3,12,1,15
2025-08-14T04:42:35,3,12,1,15
2025-08-14T05:13:51,3,12,1,15
2025-08-14T05:45:07,3,12,1,15
2025-08-14T06:16:42,3,12,1,15
2025-08-14T06:48:16,3,12,1,15
2025-08-14T07:19:41,3,12,1,15
2025-08-14T07:50:53,3,12,1,15
2025-08-14T08:22:07,4,11,1,15
2025-08-14T08:53:16,5,10,1,15
2025-08-14T09:24:16,6,9,1,15
2025-08-14T09:55:22,6,9,1,15
2025-08-14T10:26:34,9,6,1,15
2025-08-14T10:58:03,11,4,1,15
2025-08-14T11:30:07,12,3,1,15
2025-08-14T12:02:20,13,2,1,15
2025-08-14T12:33:19,15,0,1,15
2025-08-14T13:04:40,15,0,1,15
2025-08-14T13:35:51,15,0,1,15
2025-08-14T14:07:01,15,0,1,15
2025-08-14T14:39:00,15,0,1,15
2025-08-14T15:10:44,15,0,1,15
2025-08-14T15:42:12,15,0,1,15
2025-08-14T16:13:16,15,0,1,15
2025-08-14T16:44:34,15,0,1,15
2025-08-14T17:16:07,15,0,1,15
2025-08-14T17:47:27,15,0,1,15
2025-08-14T18:18:55,15,0,1,15
2025-08-14T18:49:56,15,0,1,15
2025-08-14T19:21:04,15,0,1,15
2025-08-14T19:52:29,15,0,1,15
2025-08-14T20:23:48,15,0,1,15
2025-08-14T20:54:36,15,0,1,15
2025-08-14T21:25:53,15,0,1,15
2025-08-14T21:56:50,15,0,1,15
2025-08-14T22:28:18,15,0,1,15
2025-08-14T22:59:36,15,0,1,15
2025-08-14T23:30:48,15,0,1,15
2025-08-15T00:01:40,15,0,1,15
2025-08-15T00:33:26,15,0,1,15
2025-08-15T01:05:56,15,0,1,15
2025-08-15T01:37:16,15,0,1,15
2025-08-15T02:08:34,15,0,1,15
2025-08-15T02:40:07,15,0,1,15
2025-08-15T03:11:25,15,0,1,15
2025-08-15T03:42:46,15,0,1,15
2025-08-15T04:14:07,15,0,1,15
2025-08-15T04:57:27,15,0,1,15
2025-08-15T05:28:40,15,0,1,15
2025-08-15T05:59:44,15,0,1,15
2025-08-15T06:31:07,15,0,1,15
2025-08-15T07:02:22,15,0,1,15
2025-08-15T07:33:20,15,0,1,15
2025-08-15T08:04:37,15,0,1,15
2025-08-15T08:35:42,15,0,1,15
2025-08-15T09:07:06,15,0,1,15
2025-08-15T09:38:11,15,0,1,15
2025-08-15T10:09:42,15,0,1,15
2025-08-15T10:40:51,15,0,1,15
2025-08-15T11:11:54,15,0,1,15
2025-08-15T11:42:57,15,0,1,15
2025-08-15T12:14:35,15,0,1,15
2025-08-15T12:46:15,15,0,1,15
2025-08-15T13:17:42,15,0,1,15
2025-08-15T13:49:06,15,0,1,15
2025-08-15T14:20:09,15,0,1,15
2025-08-15T14:51:29,15,0,1,15
2025-08-15T15:22:28,15,0,1,15
2025-08-15T15:54:11,15,0,1,15
2025-08-15T16:25:33,15,0,1,15
2025-08-15T16:57:08,15,0,1,15
2025-08-15T17:28:10,15,0,1,15
2025-08-15T17:59:16,15,0,1,15
2025-08-15T18:30:41,15,0,1,15
2025-08-15T19:02:03,15,0,1,15
2025-08-15T19:33:18,15,0,1,15
2025-08-15T20:04:38,15,0,1,15
2025-08-15T20:35:39,15,0,1,15
2025-08-15T21:06:24,15,0,1,15
2025-08-15T21:37:33,15,0,1,15
2025-08-15T22:08:31,15,0,1,15
2025-08-15T22:39:31,15,0,1,15
2025-08-15T23:10:44,15,0,1,15
2025-08-15T23:42:13,15,0,1,15
2025-08-16T00:13:29,15,0,1,15
2025-08-16T00:45:33,15,0,1,15
2025-08-16T01:16:33,15,0,1,15
2025-08-16T01:47:38,15,0,1,15
2025-08-16T02:18:51,15,0,1,15
2025-08-16T02:50:11,15,0,1,15
2025-08-16T03:22:07,15,0,1,15
2025-08-16T03:53:25,15,0,1,15
2025-08-16T04:39:43,15,0,1,15
2025-08-16T05:10:56,15,0,1,15
2025-08-16T05:42:14,15,0,1,15
2025-08-16T06:13:24,15,0,1,15
2025-08-16T06:44:51,15,0,1,15
2025-08-16T07:15:56,15,0,1,15
2025-08-16T07:47:07,15,0,1,15
2025-08-16T08:18:30,15,0,1,15
2025-08-16T08:49:39,15,0,1,15
2025-08-16T09:20:47,15,0,1,15
2025-08-16T09:52:06,15,0,1,15
2025-08-16T10:23:19,15,0,1,15
2025-08-16T10:54:38,15,0,1,15
2025-08-16T11:26:00,15,0,1,15
2025-08-16T11:56:52,15,0,1,15
2025-08-16T12:27:52,15,0,1,15
