time,enrolled,available,waitlisted,total
2025-05-20T14:43:24,0,148,0,148
2025-05-20T15:11:59,0,148,0,148
2025-05-20T15:40:45,0,148,0,148
2025-05-20T16:09:32,0,148,0,148
2025-05-20T16:38:06,0,148,0,148
2025-05-20T17:06:56,0,148,0,148
2025-05-20T17:35:34,0,148,0,148
2025-05-20T18:04:20,0,148,0,148
2025-05-20T18:33:08,0,148,0,148
2025-05-20T19:01:42,0,148,0,148
2025-05-20T19:30:16,0,148,0,148
2025-05-20T19:58:59,0,148,0,148
2025-05-20T20:27:33,0,148,0,148
2025-05-20T20:56:07,0,148,0,148
2025-05-20T21:24:51,0,148,0,148
2025-05-20T21:53:24,0,148,0,148
2025-05-20T22:21:58,0,148,0,148
2025-05-20T22:50:42,0,148,0,148
2025-05-20T23:19:17,0,148,0,148
2025-05-20T23:47:52,0,148,0,148
2025-05-21T00:16:41,0,148,0,148
2025-05-21T00:45:51,0,148,0,148
2025-05-21T01:14:30,0,148,0,148
2025-05-21T01:43:08,0,148,0,148
2025-05-21T02:11:47,0,148,0,148
2025-05-21T02:40:35,0,148,0,148
2025-05-21T03:09:24,0,148,0,148
2025-05-21T03:38:00,0,148,0,148
2025-05-21T04:06:56,0,148,0,148
2025-05-21T04:44:47,0,148,0,148
2025-05-21T05:13:25,0,148,0,148
2025-05-21T05:42:05,0,148,0,148
2025-05-21T06:10:43,0,148,0,148
2025-05-21T06:39:21,0,148,0,148
2025-05-21T07:07:58,0,148,0,148
2025-05-21T07:36:34,0,148,0,148
2025-05-21T08:05:13,0,148,0,148
2025-05-21T08:33:55,0,148,0,148
2025-05-21T09:02:42,0,148,0,148
2025-05-21T09:31:17,0,148,0,148
2025-05-21T10:00:12,0,148,0,148
2025-05-21T10:28:48,0,148,0,148
2025-05-21T10:57:32,0,148,0,148
2025-05-21T11:26:11,0,148,0,148
2025-05-21T11:54:59,0,148,0,148
2025-05-21T12:23:50,0,148,0,148
2025-05-21T12:52:40,0,148,0,148
2025-05-21T13:21:20,0,148,0,148
2025-05-21T13:50:10,0,148,0,148
2025-05-21T14:18:59,0,148,0,148
2025-05-21T14:47:38,0,148,0,148
2025-05-21T15:16:32,0,148,0,148
2025-05-21T15:45:18,0,148,0,148
2025-05-21T16:14:11,0,148,0,148
2025-05-21T16:43:04,0,148,0,148
2025-05-21T17:11:59,0,148,0,148
2025-05-21T17:40:40,0,148,0,148
2025-05-21T18:09:31,0,148,0,148
2025-05-21T18:38:14,0,148,0,148
2025-05-21T19:06:55,0,148,0,148
2025-05-21T19:35:46,0,148,0,148
2025-05-21T20:04:28,0,148,0,148
2025-05-21T20:33:20,0,148,0,148
2025-05-21T21:02:01,0,148,0,148
2025-05-21T21:30:57,0,148,0,148
2025-05-21T21:59:38,0,148,0,148
2025-05-21T22:28:20,0,148,0,148
2025-05-21T22:57:12,0,148,0,148
2025-05-21T23:25:55,0,148,0,148
2025-05-21T23:54:36,0,148,0,148
2025-05-22T00:23:21,0,148,0,148
2025-05-22T00:52:16,0,148,0,148
2025-05-22T01:21:05,0,148,0,148
2025-05-22T01:49:50,0,148,0,148
2025-05-22T02:18:35,0,148,0,148
2025-05-22T02:47:23,0,148,0,148
2025-05-22T03:16:19,0,148,0,148
2025-05-22T03:45:02,0,148,0,148
2025-05-22T04:13:59,0,148,0,148
2025-05-22T04:45:00,0,148,0,148
2025-05-22T05:13:45,0,148,0,148
2025-05-22T05:42:33,0,148,0,148
2025-05-22T06:11:18,0,148,0,148
2025-05-22T06:40:04,0,148,0,148
2025-05-22T07:08:48,0,148,0,148
2025-05-22T07:37:33,0,148,0,148
2025-05-22T08:06:16,0,148,0,148
2025-05-22T08:35:07,0,148,0,148
2025-05-22T09:03:50,0,148,0,148
2025-05-22T09:32:35,0,148,0,148
2025-05-22T10:01:19,0,148,0,148
2025-05-22T10:30:17,0,148,0,148
2025-05-22T10:59:03,0,148,0,148
2025-05-22T11:27:48,0,148,0,148
2025-05-22T11:56:53,0,148,0,148
2025-05-22T12:25:37,0,148,0,148
2025-05-22T12:54:32,0,148,0,148
2025-05-22T13:23:16,0,148,0,148
2025-05-22T13:52:13,0,148,0,148
2025-05-22T14:21:12,0,148,0,148
2025-05-22T14:49:58,0,148,0,148
2025-05-22T15:18:55,0,148,0,148
2025-05-22T15:47:42,0,148,0,148
2025-05-22T16:16:41,0,148,0,148
2025-05-22T16:45:30,0,148,0,148
2025-05-22T17:14:28,0,148,0,148
2025-05-22T17:43:17,0,148,0,148
2025-05-22T18:12:04,0,148,0,148
2025-05-22T18:40:53,0,148,0,148
2025-05-22T19:09:51,0,148,0,148
2025-05-22T19:38:39,0,148,0,148
2025-05-22T20:07:27,0,148,0,148
2025-05-22T20:36:17,0,148,0,148
2025-05-22T21:05:15,0,148,0,148
2025-05-22T21:34:03,0,148,0,148
2025-05-22T22:02:51,0,148,0,148
2025-05-22T22:31:39,0,148,0,148
2025-05-22T23:00:39,0,148,0,148
2025-05-22T23:29:29,0,148,0,148
2025-05-22T23:58:28,0,148,0,148
2025-05-23T00:27:40,0,148,0,148
2025-05-23T00:56:33,0,148,0,148
2025-05-23T01:25:24,0,148,0,148
2025-05-23T01:54:29,0,148,0,148
2025-05-23T02:23:21,0,148,0,148
2025-05-23T02:52:18,0,148,0,148
2025-05-23T03:21:13,0,148,0,148
2025-05-23T03:50:06,0,148,0,148
2025-05-23T04:19:03,0,148,0,148
2025-05-23T04:46:51,0,148,0,148
2025-05-23T05:15:44,0,148,0,148
2025-05-23T05:44:38,0,148,0,148
2025-05-23T06:13:30,0,148,0,148
2025-05-23T06:42:22,0,148,0,148
2025-05-23T07:11:12,0,148,0,148
2025-05-23T07:40:03,0,148,0,148
2025-05-23T08:09:01,0,148,0,148
2025-05-23T08:37:50,0,148,0,148
2025-05-23T09:06:39,0,148,0,148
2025-05-23T09:35:28,0,148,0,148
2025-05-23T10:04:21,0,148,0,148
2025-05-23T10:33:21,0,148,0,148
2025-05-23T11:02:11,0,148,0,148
2025-05-23T11:31:14,0,148,0,148
2025-05-23T12:00:06,0,148,0,148
2025-05-23T12:29:08,0,148,0,148
2025-05-23T12:58:00,0,148,0,148
2025-05-23T13:27:03,0,148,0,148
2025-05-23T13:55:54,0,148,0,148
2025-05-23T14:24:45,0,148,0,148
2025-05-23T14:53:48,0,148,0,148
2025-05-23T15:22:40,0,148,0,148
2025-05-23T15:51:40,0,148,0,148
2025-05-23T16:20:32,0,148,0,148
2025-05-23T16:49:23,0,148,0,148
2025-05-23T17:18:25,0,148,0,148
2025-05-23T17:47:17,2,146,0,148
2025-05-23T18:16:09,2,146,0,148
2025-05-23T18:45:10,2,146,0,148
2025-05-23T19:14:01,2,146,0,148
2025-05-23T19:42:52,2,146,0,148
2025-05-23T20:11:44,2,146,0,148
2025-05-23T20:40:35,2,146,0,148
2025-05-23T21:09:36,2,146,0,148
2025-05-23T21:38:28,2,146,0,148
2025-05-23T22:07:19,2,146,0,148
2025-05-23T22:36:11,2,146,0,148
2025-05-23T23:05:05,2,146,0,148
2025-05-23T23:34:06,2,146,0,148
2025-05-24T00:02:58,2,146,0,148
2025-05-24T00:31:54,2,146,0,148
2025-05-24T01:00:49,2,146,0,148
2025-05-24T01:29:53,2,146,0,148
2025-05-24T01:58:51,2,146,0,148
2025-05-24T02:27:50,2,146,0,148
2025-05-24T02:57:05,2,146,0,148
2025-05-24T03:25:59,2,146,0,148
2025-05-24T03:54:53,2,146,0,148
2025-05-24T04:44:44,2,146,0,148
2025-05-24T05:13:39,2,146,0,148
2025-05-24T05:42:35,2,146,0,148
2025-05-24T06:11:31,2,146,0,148
2025-05-24T06:40:34,2,146,0,148
2025-05-24T07:09:29,2,146,0,148
2025-05-24T07:38:25,2,146,0,148
2025-05-24T08:07:16,2,146,0,148
2025-05-24T08:36:08,2,146,0,148
2025-05-24T09:05:00,2,146,0,148
2025-05-24T09:34:01,2,146,0,148
2025-05-24T10:02:52,2,146,0,148
2025-05-24T10:31:43,2,146,0,148
2025-05-24T11:00:34,2,146,0,148
2025-05-24T11:29:25,2,146,0,148
2025-05-24T11:58:25,2,146,0,148
2025-05-24T12:27:16,2,146,0,148
2025-05-24T12:56:08,2,146,0,148
2025-05-24T13:24:58,2,146,0,148
2025-05-24T13:53:59,2,146,0,148
2025-05-24T14:22:50,2,146,0,148
2025-05-24T14:51:40,3,145,0,148
2025-05-24T15:20:31,3,145,0,148
2025-05-24T15:49:31,2,146,0,148
2025-05-24T16:18:22,2,146,0,148
2025-05-24T16:47:13,2,146,0,148
2025-05-24T17:16:04,2,146,0,148
2025-05-24T17:45:05,2,146,0,148
2025-05-24T18:13:59,3,145,0,148
2025-05-24T18:42:51,3,145,0,148
2025-05-24T19:11:42,3,145,0,148
2025-05-24T19:40:34,3,145,0,148
2025-05-24T20:09:35,3,145,0,148
2025-05-24T20:38:25,3,145,0,148
2025-05-24T21:07:16,3,145,0,148
2025-05-24T21:36:07,3,145,0,148
2025-05-24T22:05:08,3,145,0,148
2025-05-24T22:34:00,3,145,0,148
2025-05-24T23:02:53,3,145,0,148
2025-05-24T23:31:45,3,145,0,148
2025-05-25T00:00:36,3,145,0,148
2025-05-25T00:29:42,3,145,0,148
2025-05-25T00:58:41,3,145,0,148
2025-05-25T01:27:37,3,145,0,148
2025-05-25T01:56:32,3,145,0,148
2025-05-25T02:25:28,3,145,0,148
2025-05-25T02:54:27,3,145,0,148
2025-05-25T03:23:24,3,145,0,148
2025-05-25T03:52:21,3,145,0,148
2025-05-25T04:43:36,3,145,0,148
2025-05-25T05:12:38,3,145,0,148
2025-05-25T05:41:38,3,145,0,148
2025-05-25T06:10:36,3,145,0,148
2025-05-25T06:39:34,3,145,0,148
2025-05-25T07:08:29,3,145,0,148
2025-05-25T07:37:29,3,145,0,148
2025-05-25T08:06:24,3,145,0,148
2025-05-25T08:35:18,3,145,0,148
2025-05-25T09:04:30,3,145,0,148
2025-05-25T09:33:23,3,145,0,148
2025-05-25T10:02:15,3,145,0,148
2025-05-25T10:31:09,3,145,0,148
2025-05-25T11:00:02,3,145,0,148
2025-05-25T11:28:57,3,145,0,148
2025-05-25T11:57:51,3,145,0,148
2025-05-25T12:26:53,3,145,0,148
2025-05-25T12:55:44,3,145,0,148
2025-05-25T13:24:37,3,145,0,148
2025-05-25T13:53:28,3,145,0,148
2025-05-25T14:22:28,3,145,0,148
2025-05-25T14:51:19,3,145,0,148
2025-05-25T15:20:11,3,145,0,148
2025-05-25T15:49:17,3,145,0,148
2025-05-25T16:18:10,3,145,0,148
2025-05-25T16:47:01,3,145,0,148
2025-05-25T17:15:53,3,145,0,148
2025-05-25T17:44:44,3,145,0,148
2025-05-25T18:13:45,3,145,0,148
2025-05-25T18:42:36,3,145,0,148
2025-05-25T19:11:29,3,145,0,148
2025-05-25T19:40:20,3,145,0,148
2025-05-25T20:09:21,3,145,0,148
2025-05-25T20:38:13,3,145,0,148
2025-05-25T21:07:03,3,145,0,148
2025-05-25T21:36:22,3,145,0,148
2025-05-25T22:05:14,3,145,0,148
2025-05-25T22:34:04,3,145,0,148
2025-05-25T23:03:05,3,145,0,148
2025-05-25T23:31:57,3,145,0,148
2025-05-26T00:00:48,4,144,0,148
2025-05-26T00:29:53,4,144,0,148
2025-05-26T00:58:48,4,144,0,148
2025-05-26T01:27:55,4,144,0,148
2025-05-26T01:56:49,4,144,0,148
2025-05-26T02:25:54,4,144,0,148
2025-05-26T02:54:48,4,144,0,148
2025-05-26T03:23:44,4,144,0,148
2025-05-26T03:52:38,4,144,0,148
2025-05-26T04:42:57,4,144,0,148
2025-05-26T05:13:18,4,144,0,148
2025-05-26T05:42:36,4,144,0,148
2025-05-26T06:11:32,4,144,0,148
2025-05-26T06:40:27,4,144,0,148
2025-05-26T07:09:20,4,144,0,148
2025-05-26T07:38:12,4,144,0,148
2025-05-26T08:07:03,4,144,0,148
2025-05-26T08:35:55,4,144,0,148
2025-05-26T09:04:58,4,144,0,148
2025-05-26T09:33:49,4,144,0,148
2025-05-26T10:02:41,5,143,0,148
2025-05-26T10:31:32,5,143,0,148
2025-05-26T11:00:33,5,143,0,148
2025-05-26T11:29:24,6,142,0,148
2025-05-26T11:58:15,8,140,0,148
2025-05-26T12:27:16,8,140,0,148
2025-05-26T12:56:07,9,139,0,148
2025-05-26T13:25:08,9,139,0,148
2025-05-26T13:53:59,10,138,0,148
2025-05-26T14:23:01,11,137,0,148
2025-05-26T14:51:53,11,137,0,148
2025-05-26T15:20:54,11,137,0,148
2025-05-26T15:49:45,13,135,0,148
2025-05-26T16:18:45,18,130,0,148
2025-05-26T16:47:39,18,130,0,148
2025-05-26T17:16:41,21,127,0,148
2025-05-26T17:45:34,21,127,0,148
2025-05-26T18:14:26,22,126,0,148
2025-05-26T18:43:27,22,126,0,148
2025-05-26T19:12:28,24,124,0,148
2025-05-26T19:41:20,25,123,0,148
2025-05-26T20:10:21,26,122,0,148
2025-05-26T20:39:13,27,121,0,148
2025-05-26T21:08:05,26,122,0,148
2025-05-26T21:37:05,26,122,0,148
2025-05-26T22:05:58,27,121,0,148
2025-05-26T22:35:00,27,121,0,148
2025-05-26T23:04:24,28,120,0,148
2025-05-26T23:33:16,28,120,0,148
2025-05-27T00:02:08,28,120,0,148
2025-05-27T00:31:13,27,121,0,148
2025-05-27T01:00:09,27,121,0,148
2025-05-27T01:29:13,27,121,0,148
2025-05-27T01:58:07,27,121,0,148
2025-05-27T02:27:01,27,121,0,148
2025-05-27T02:55:54,27,121,0,148
2025-05-27T03:24:49,27,121,0,148
2025-05-27T03:53:51,27,121,0,148
2025-05-28T00:50:51,57,83,0,140
2025-05-28T01:20:01,57,83,0,140
2025-05-28T01:49:01,58,82,0,140
2025-05-28T02:18:00,58,82,0,140
2025-05-28T02:47:10,58,82,0,140
2025-05-28T03:16:10,58,82,0,140
2025-05-28T03:45:09,58,82,0,140
2025-05-28T04:39:46,59,81,0,140
2025-05-28T05:09:06,59,81,0,140
2025-05-28T05:38:06,59,81,0,140
2025-05-28T06:07:06,59,81,0,140
2025-05-28T06:36:05,59,81,0,140
2025-05-28T07:05:07,59,81,0,140
2025-05-28T07:34:04,59,81,0,140
2025-05-28T08:03:10,59,81,0,140
2025-05-28T08:32:08,59,81,0,140
2025-05-28T09:01:05,59,81,0,140
2025-05-28T09:30:16,60,80,0,140
2025-05-28T09:59:13,60,80,0,140
2025-05-28T10:28:26,60,80,0,140
2025-05-28T10:57:27,60,80,0,140
2025-05-28T11:26:38,61,79,0,140
2025-05-28T11:55:54,61,79,0,140
2025-05-28T12:25:07,61,79,0,140
2025-05-28T12:54:18,61,79,0,140
2025-05-28T13:23:21,61,79,0,140
2025-05-28T13:52:31,62,78,0,140
2025-05-28T14:21:42,62,78,0,140
2025-05-28T14:50:43,62,78,0,140
2025-05-28T15:19:57,62,78,0,140
2025-05-28T15:49:06,63,77,0,140
2025-05-28T16:18:03,63,77,0,140
2025-05-28T16:47:11,63,77,0,140
2025-05-28T17:16:08,63,77,0,140
2025-05-28T17:45:15,63,77,0,140
2025-05-28T18:14:12,63,77,0,140
2025-05-28T18:43:09,63,77,0,140
2025-05-28T19:12:18,63,77,0,140
2025-05-28T19:41:16,63,77,0,140
2025-05-28T20:10:21,63,77,0,140
2025-05-28T20:39:17,63,77,0,140
2025-05-28T21:08:14,63,77,0,140
2025-05-28T21:37:11,63,77,0,140
2025-05-28T22:06:18,63,77,0,140
2025-05-28T22:35:15,63,77,0,140
2025-05-28T23:04:13,63,77,0,140
2025-05-28T23:33:18,63,77,0,140
2025-05-29T00:02:16,64,76,0,140
2025-05-29T00:31:18,64,76,0,140
2025-05-29T01:00:19,64,76,0,140
2025-05-29T01:29:20,64,76,0,140
2025-05-29T01:58:30,64,76,0,140
2025-05-29T02:27:29,64,76,0,140
2025-05-29T02:56:35,64,76,0,140
2025-05-29T03:25:37,64,76,0,140
2025-05-29T03:54:36,64,76,0,140
2025-05-29T04:49:34,64,76,0,140
2025-05-29T05:18:35,64,76,0,140
2025-05-29T05:47:38,64,76,0,140
2025-05-29T06:16:40,64,76,0,140
2025-05-29T06:45:41,64,76,0,140
2025-05-29T07:14:41,64,76,0,140
2025-05-29T07:43:39,64,76,0,140
2025-05-29T08:12:38,64,76,0,140
2025-05-29T08:41:44,64,76,0,140
2025-05-29T09:10:40,64,76,0,140
2025-05-29T09:39:39,65,75,0,140
2025-05-29T10:08:36,65,75,0,140
2025-05-29T10:37:46,65,75,0,140
2025-05-29T11:06:42,65,75,0,140
2025-05-29T11:35:49,65,75,0,140
2025-05-29T12:04:46,65,75,0,140
2025-05-29T12:33:53,65,75,0,140
2025-05-29T13:02:49,65,75,0,140
2025-05-29T13:31:56,65,75,0,140
2025-05-29T14:00:53,65,75,0,140
2025-05-29T14:29:52,65,75,0,140
2025-05-29T14:59:04,65,75,0,140
2025-05-29T15:28:01,65,75,0,140
2025-05-29T15:57:09,65,75,0,140
2025-05-29T16:26:33,65,75,0,140
2025-05-29T16:55:39,65,75,0,140
2025-05-29T17:24:38,65,75,0,140
2025-05-29T17:53:37,65,75,0,140
2025-05-29T18:22:36,65,75,0,140
2025-05-29T18:51:45,65,75,0,140
2025-05-29T19:20:43,65,75,0,140
2025-05-29T19:49:40,65,75,0,140
2025-05-29T20:18:47,65,75,0,140
2025-05-29T20:47:44,65,75,0,140
2025-05-29T21:16:42,65,75,0,140
2025-05-29T21:45:40,65,75,0,140
2025-05-29T22:14:38,65,75,0,140
2025-05-29T22:43:47,65,75,0,140
2025-05-29T23:12:44,65,75,0,140
2025-05-29T23:41:43,65,75,0,140
2025-05-30T00:10:43,65,75,0,140
2025-05-30T00:39:56,65,75,0,140
2025-05-30T01:08:59,65,75,0,140
2025-05-30T01:38:02,65,75,0,140
2025-05-30T02:07:15,65,75,0,140
2025-05-30T02:36:17,65,75,0,140
2025-05-30T03:05:17,65,75,0,140
2025-05-30T03:34:26,65,75,0,140
2025-05-30T04:03:25,65,75,0,140
2025-05-30T04:37:55,65,75,0,140
2025-05-30T05:07:18,65,75,0,140
2025-05-30T05:36:29,65,75,0,140
2025-05-30T06:05:36,65,75,0,140
2025-05-30T06:34:39,65,75,0,140
2025-05-30T07:03:49,65,75,0,140
2025-05-30T07:32:49,65,75,0,140
2025-05-30T08:01:48,65,75,0,140
2025-05-30T08:30:48,65,75,0,140
2025-05-30T08:59:46,65,75,0,140
2025-05-30T09:28:45,65,75,0,140
2025-05-30T09:57:56,65,75,0,140
2025-05-30T10:26:54,65,75,0,140
2025-05-30T10:55:53,65,75,0,140
2025-05-30T11:25:01,65,75,0,140
2025-05-30T11:54:00,65,75,0,140
2025-05-30T12:22:58,65,75,0,140
2025-05-30T12:52:07,65,75,0,140
2025-05-30T13:21:05,65,75,0,140
2025-05-30T13:50:04,65,75,0,140
2025-05-30T14:19:13,65,75,0,140
2025-05-30T14:48:11,65,75,0,140
2025-05-30T15:17:19,65,75,0,140
2025-05-30T15:46:20,65,75,0,140
2025-05-30T16:15:19,65,75,0,140
2025-05-30T16:44:27,65,75,0,140
2025-05-30T17:13:26,65,75,0,140
2025-05-30T17:42:25,65,75,0,140
2025-05-30T18:11:34,65,75,0,140
2025-05-30T18:40:32,65,75,0,140
2025-05-30T19:09:30,65,75,0,140
2025-05-30T19:38:29,65,75,0,140
2025-05-30T20:07:27,65,75,0,140
2025-05-30T20:36:37,65,75,0,140
2025-05-30T21:05:36,65,75,0,140
2025-05-30T21:34:34,65,75,0,140
2025-05-30T22:03:32,65,75,0,140
2025-05-30T22:32:40,65,75,0,140
2025-05-30T23:01:40,65,75,0,140
2025-05-30T23:30:39,65,75,0,140
2025-05-30T23:59:38,65,75,0,140
2025-05-31T00:29:16,65,75,0,140
2025-05-31T00:58:30,65,75,0,140
2025-05-31T01:27:33,65,75,0,140
2025-05-31T01:56:34,65,75,0,140
2025-05-31T02:25:36,65,75,0,140
2025-05-31T02:54:45,65,75,0,140
2025-05-31T03:23:46,65,75,0,140
2025-05-31T03:52:58,65,75,0,140
2025-05-31T04:47:16,65,75,0,140
2025-05-31T05:16:21,65,75,0,140
2025-05-31T05:45:23,65,75,0,140
2025-05-31T06:14:27,65,75,0,140
2025-05-31T06:43:29,65,75,0,140
2025-05-31T07:12:32,65,75,0,140
2025-05-31T07:41:33,65,75,0,140
2025-05-31T08:10:39,65,75,0,140
2025-05-31T08:39:37,65,75,0,140
2025-05-31T09:08:36,65,75,0,140
2025-05-31T09:37:34,65,75,0,140
2025-05-31T10:06:31,65,75,0,140
2025-05-31T10:35:29,65,75,0,140
2025-05-31T11:04:36,65,75,0,140
2025-05-31T11:33:33,66,74,0,140
2025-05-31T12:02:31,66,74,0,140
2025-05-31T12:31:38,66,74,0,140
2025-05-31T13:00:36,66,74,0,140
2025-05-31T13:29:33,66,74,0,140
2025-05-31T13:58:30,66,74,0,140
2025-05-31T14:27:37,66,74,0,140
2025-05-31T14:56:44,66,74,0,140
2025-05-31T15:25:37,66,74,0,140
2025-05-31T15:54:45,66,74,0,140
2025-05-31T16:23:52,66,74,0,140
2025-05-31T16:52:47,66,74,0,140
2025-05-31T17:21:46,66,74,0,140
2025-05-31T17:50:44,66,74,0,140
2025-05-31T18:19:44,66,74,0,140
2025-05-31T18:48:51,66,74,0,140
2025-05-31T19:17:49,66,74,0,140
2025-05-31T19:46:46,66,74,0,140
2025-05-31T20:15:44,68,72,0,140
2025-05-31T20:44:41,69,71,0,140
2025-05-31T21:13:46,69,71,0,140
2025-05-31T21:42:44,69,71,0,140
2025-05-31T22:11:41,69,71,0,140
2025-05-31T22:40:39,69,71,0,140
2025-05-31T23:09:47,70,70,0,140
2025-05-31T23:38:45,70,70,0,140
2025-06-01T00:07:46,70,70,0,140
2025-06-01T00:37:15,70,70,0,140
2025-06-01T01:06:17,70,70,0,140
2025-06-01T01:35:26,70,70,0,140
2025-06-01T02:04:28,70,70,0,140
2025-06-01T02:33:31,70,70,0,140
2025-06-01T03:02:44,70,70,0,140
2025-06-01T03:31:46,70,70,0,140
2025-06-01T04:00:47,70,70,0,140
2025-06-01T04:43:20,70,70,0,140
2025-06-01T05:12:22,70,70,0,140
2025-06-01T05:41:24,70,70,0,140
2025-06-01T06:10:26,70,70,0,140
2025-06-01T06:39:30,70,70,0,140
2025-06-01T07:08:31,70,70,0,140
2025-06-01T07:37:33,70,70,0,140
2025-06-01T08:06:33,70,70,0,140
2025-06-01T08:35:39,70,70,0,140
2025-06-01T09:04:37,70,70,0,140
2025-06-01T09:33:35,70,70,0,140
2025-06-01T10:02:34,70,70,0,140
2025-06-01T10:31:35,70,70,0,140
2025-06-01T11:00:34,70,70,0,140
2025-06-01T11:29:34,70,70,0,140
2025-06-01T11:58:43,70,70,0,140
2025-06-01T12:27:42,70,70,0,140
2025-06-01T12:56:41,70,70,0,140
2025-06-01T13:25:46,70,70,0,140
2025-06-01T13:54:43,70,70,0,140
2025-06-01T14:23:40,70,70,0,140
2025-06-01T14:52:37,70,70,0,140
2025-06-01T15:21:38,70,70,0,140
2025-06-01T15:50:44,70,70,0,140
2025-06-01T16:19:41,70,70,0,140
2025-06-01T16:48:38,70,70,0,140
2025-06-01T17:17:45,70,70,0,140
2025-06-01T17:46:42,70,70,0,140
2025-06-01T18:15:40,70,70,0,140
2025-06-01T18:44:38,71,69,0,140
2025-06-01T19:13:44,71,69,0,140
2025-06-01T19:42:42,71,69,0,140
2025-06-01T20:11:40,71,69,0,140
2025-06-01T20:40:43,71,69,0,140
2025-06-01T21:09:50,71,69,0,140
2025-06-01T21:38:49,71,69,0,140
2025-06-01T22:07:47,71,69,0,140
2025-06-01T22:36:55,71,69,0,140
2025-06-01T23:05:55,71,69,0,140
2025-06-01T23:34:53,71,69,0,140
2025-06-02T00:03:53,71,69,0,140
2025-06-02T00:33:26,72,68,0,140
2025-06-02T01:02:36,72,68,0,140
2025-06-02T01:31:38,72,68,0,140
2025-06-02T02:00:40,72,68,0,140
2025-06-02T02:29:42,72,68,0,140
2025-06-02T02:58:42,72,68,0,140
2025-06-02T03:27:42,72,68,0,140
2025-06-02T03:56:53,72,68,0,140
2025-06-02T04:42:36,72,68,0,140
2025-06-02T05:11:39,72,68,0,140
2025-06-02T05:40:42,72,68,0,140
2025-06-02T06:09:44,72,68,0,140
2025-06-02T06:38:45,72,68,0,140
2025-06-02T07:07:45,72,68,0,140
2025-06-02T07:36:44,72,68,0,140
2025-06-02T08:05:46,72,68,0,140
2025-06-02T08:34:56,72,68,0,140
2025-06-02T09:03:56,72,68,0,140
2025-06-02T09:32:56,72,68,0,140
2025-06-02T10:01:57,72,68,0,140
2025-06-02T10:31:10,72,68,0,140
2025-06-02T11:00:12,72,68,0,140
2025-06-02T11:29:28,72,68,0,140
2025-06-02T11:58:34,72,68,0,140
2025-06-02T12:27:55,72,68,0,140
2025-06-02T12:57:06,72,68,0,140
2025-06-02T13:26:27,72,68,0,140
2025-06-02T13:55:38,72,68,0,140
2025-06-02T14:24:59,72,68,0,140
2025-06-02T14:54:09,73,67,0,140
2025-06-02T15:23:32,73,67,0,140
2025-06-02T15:52:43,73,67,0,140
2025-06-02T16:22:07,73,67,0,140
2025-06-02T16:51:18,74,66,0,140
2025-06-02T17:20:41,74,66,0,140
2025-06-02T17:49:52,75,65,0,140
2025-06-02T18:19:16,75,65,0,140
2025-06-02T18:48:36,76,64,0,140
2025-06-02T19:17:49,76,64,0,140
2025-06-02T19:47:14,78,62,0,140
2025-06-02T20:16:26,78,62,0,140
2025-06-02T20:45:47,78,62,0,140
2025-06-02T21:14:59,78,62,0,140
2025-06-02T21:44:21,79,61,0,140
2025-06-02T22:13:33,80,60,0,140
2025-06-02T22:42:56,80,60,0,140
2025-06-02T23:12:09,80,60,0,140
2025-06-02T23:41:21,80,60,0,140
2025-06-03T00:10:45,80,60,0,140
2025-06-03T00:40:02,80,60,0,140
2025-06-03T01:09:28,80,60,0,140
2025-06-03T01:38:44,80,60,0,140
2025-06-03T02:07:59,80,60,0,140
2025-06-03T02:37:19,80,60,0,140
2025-06-03T03:06:32,80,60,0,140
2025-06-03T03:35:56,80,60,0,140
2025-06-03T04:05:25,80,60,0,140
2025-06-03T04:38:16,80,60,0,140
2025-06-03T05:07:30,80,60,0,140
2025-06-03T05:36:44,80,60,0,140
2025-06-03T06:06:00,80,60,0,140
2025-06-03T06:35:18,81,59,0,140
2025-06-03T07:04:34,81,59,0,140
2025-06-03T07:33:47,81,59,0,140
2025-06-03T08:03:07,81,59,0,140
2025-06-03T08:32:20,81,59,0,140
2025-06-03T09:01:32,81,59,0,140
2025-06-03T09:30:45,80,60,0,140
2025-06-03T10:00:09,80,60,0,140
2025-06-03T10:29:23,81,59,0,140
2025-06-03T10:58:45,81,59,0,140
2025-06-03T11:27:59,81,59,0,140
2025-06-03T11:57:22,81,59,0,140
2025-06-03T12:26:49,81,59,0,140
2025-06-03T12:56:02,81,59,0,140
2025-06-03T13:25:25,83,57,0,140
2025-06-03T13:54:53,83,57,0,140
2025-06-03T14:24:15,83,57,0,140
2025-06-03T14:53:48,83,57,0,140
2025-06-03T15:23:22,83,57,0,140
2025-06-03T15:52:48,84,56,0,140
2025-06-03T16:22:52,83,57,0,140
2025-06-03T16:52:57,84,56,0,140
2025-06-03T17:22:51,85,55,0,140
2025-06-03T17:52:55,86,54,0,140
2025-06-03T18:22:49,88,52,0,140
2025-06-03T18:52:52,88,52,0,140
2025-06-03T19:22:45,88,52,0,140
2025-06-03T19:52:48,90,50,1,140
2025-06-03T20:22:40,92,48,1,140
2025-06-03T20:52:43,93,47,1,140
2025-06-03T21:22:36,94,46,1,140
2025-06-03T21:52:38,95,45,1,140
2025-06-03T22:22:30,95,45,1,140
2025-06-03T22:52:33,95,45,1,140
2025-06-03T23:22:26,95,45,1,140
2025-06-03T23:52:18,95,45,1,140
2025-06-04T00:22:13,95,45,1,140
2025-06-04T00:52:20,95,45,1,140
2025-06-04T01:22:15,95,45,1,140
2025-06-04T01:52:11,95,45,1,140
2025-06-04T02:22:14,95,45,1,140
2025-06-04T02:52:20,95,45,1,140
2025-06-04T03:22:14,95,45,1,140
2025-06-04T03:52:08,95,45,1,140
2025-06-04T04:46:23,95,45,1,140
2025-06-04T05:16:19,95,45,1,140
2025-06-04T05:46:14,95,45,1,140
2025-06-04T06:16:28,95,45,1,140
2025-06-04T06:46:25,95,45,1,140
2025-06-04T07:16:23,95,45,1,140
2025-06-04T07:46:17,95,45,1,140
2025-06-04T08:16:12,95,45,1,140
2025-06-04T08:46:15,95,45,1,140
2025-06-04T09:16:10,95,45,1,140
2025-06-04T09:46:05,96,44,1,140
2025-06-04T10:16:10,97,43,1,140
2025-06-04T10:46:16,98,42,1,140
2025-06-04T11:16:14,98,42,1,140
2025-06-04T11:46:21,99,41,1,140
2025-06-04T12:16:41,100,40,1,140
2025-06-04T12:46:50,100,40,1,140
2025-06-04T13:16:56,100,40,1,140
2025-06-04T13:46:51,102,38,2,140
2025-06-04T14:05:30,102,38,2,140
2025-06-04T14:35:27,102,38,2,140
2025-06-04T15:05:33,102,38,2,140
2025-06-04T15:35:42,102,38,2,140
2025-06-04T16:05:50,103,37,2,140
2025-06-04T16:35:50,104,36,3,140
2025-06-04T17:05:58,104,36,3,140
2025-06-04T17:36:07,105,35,3,140
2025-06-04T18:06:08,106,34,3,140
2025-06-04T18:36:16,106,34,3,140
2025-06-04T19:06:22,107,33,3,140
2025-06-04T19:36:17,109,31,3,140
2025-06-04T20:06:22,111,29,3,140
2025-06-04T20:36:17,111,29,3,140
2025-06-04T21:06:23,111,29,3,140
2025-06-04T21:36:18,113,27,3,140
2025-06-04T22:06:16,113,27,3,140
2025-06-04T22:36:22,114,26,2,140
2025-06-04T23:06:18,114,26,2,140
2025-06-04T23:36:26,114,26,2,140
2025-06-05T00:06:21,114,26,2,140
2025-06-05T00:36:20,114,26,2,140
2025-06-05T01:06:20,114,26,2,140
2025-06-05T01:36:28,114,26,3,140
2025-06-05T02:06:27,114,26,3,140
2025-06-05T02:36:25,114,26,3,140
2025-06-05T03:06:22,114,26,3,140
2025-06-05T03:36:38,114,26,3,140
2025-06-05T04:06:35,114,26,3,140
2025-06-05T04:39:30,114,26,3,140
2025-06-05T05:09:28,114,26,3,140
2025-06-05T05:39:27,114,26,3,140
2025-06-05T06:09:28,114,26,3,140
2025-06-05T06:39:26,114,26,3,140
2025-06-05T07:09:25,114,26,3,140
2025-06-05T07:39:22,114,26,3,140
2025-06-05T08:09:18,114,26,3,140
2025-06-05T08:39:23,114,26,3,140
2025-06-05T09:09:18,115,25,3,140
2025-06-05T09:39:12,115,25,3,140
2025-06-05T10:09:18,115,25,3,140
2025-06-05T10:39:15,115,25,3,140
2025-06-05T11:09:20,115,25,3,140
2025-06-05T11:39:18,115,25,3,140
2025-06-05T12:09:24,115,25,3,140
2025-06-05T12:39:29,114,26,4,140
2025-06-05T13:09:24,115,25,4,140
2025-06-05T13:39:30,115,25,4,140
2025-06-05T14:09:24,115,25,4,140
2025-06-05T14:39:29,115,25,4,140
2025-06-05T15:09:34,116,24,4,140
2025-06-05T15:39:28,116,24,4,140
2025-06-05T16:09:33,116,24,4,140
2025-06-05T16:39:28,116,24,4,140
2025-06-05T17:09:33,116,24,4,140
2025-06-05T17:39:28,116,24,4,140
2025-06-05T18:09:34,116,24,4,140
2025-06-05T18:39:29,116,24,4,140
2025-06-05T19:09:23,116,24,4,140
2025-06-05T19:39:26,116,24,4,140
2025-06-05T20:09:21,116,24,4,140
2025-06-05T20:39:15,116,24,4,140
2025-06-05T21:09:21,116,24,4,140
2025-06-05T21:39:15,116,24,4,140
2025-06-05T22:09:09,116,24,4,140
2025-06-05T22:39:13,117,23,4,140
2025-06-05T23:09:08,117,23,4,140
2025-06-05T23:39:03,117,23,4,140
2025-06-06T00:08:59,117,23,4,140
2025-06-06T00:39:09,117,23,4,140
2025-06-06T01:09:08,117,23,4,140
2025-06-06T01:39:07,117,23,4,140
2025-06-06T02:09:09,117,23,4,140
2025-06-06T02:39:19,117,23,4,140
2025-06-06T03:09:21,117,23,4,140
2025-06-06T03:39:32,117,23,4,140
2025-06-06T04:09:30,117,23,4,140
2025-06-06T04:49:49,117,23,4,140
2025-06-06T05:19:47,117,23,4,140
2025-06-06T05:49:47,117,23,4,140
2025-06-06T06:19:46,117,23,4,140
2025-06-06T06:49:45,117,23,4,140
2025-06-06T07:19:44,117,23,4,140
2025-06-06T07:49:42,117,23,4,140
2025-06-06T08:19:39,117,23,4,140
2025-06-06T08:49:43,117,23,4,140
2025-06-06T09:19:37,117,23,4,140
2025-06-06T09:49:31,117,23,4,140
2025-06-06T10:19:30,117,23,4,140
2025-06-06T10:49:36,117,23,4,140
2025-06-06T11:19:32,118,22,4,140
2025-06-06T11:49:28,118,22,4,140
2025-06-06T12:19:36,118,22,4,140
2025-06-06T12:49:32,118,22,4,140
2025-06-06T13:19:39,118,22,4,140
2025-06-06T13:49:35,118,22,4,140
2025-06-06T14:19:34,118,22,4,140
2025-06-06T14:49:39,118,22,4,140
2025-06-06T15:19:36,118,22,4,140
2025-06-06T15:49:44,118,22,4,140
2025-06-06T16:19:41,118,22,4,140
2025-06-06T16:49:37,118,22,4,140
2025-06-06T17:19:45,118,22,4,140
2025-06-06T17:49:41,118,22,4,140
2025-06-06T18:19:37,118,22,4,140
2025-06-06T18:49:33,118,22,4,140
2025-06-06T19:19:40,118,22,4,140
2025-06-06T19:49:37,118,22,4,140
2025-06-06T20:19:35,118,22,4,140
2025-06-06T20:49:32,118,22,4,140
2025-06-06T21:19:38,118,22,4,140
2025-06-06T21:49:35,118,22,4,140
2025-06-06T22:19:32,118,22,4,140
2025-06-06T22:49:30,118,22,4,140
2025-06-06T23:19:36,118,22,4,140
2025-06-06T23:49:34,118,22,4,140
2025-06-07T00:19:34,118,22,4,140
2025-06-07T00:49:38,118,22,4,140
2025-06-07T01:19:50,118,22,4,140
2025-06-07T01:49:50,118,22,4,140
2025-06-07T02:19:50,118,22,4,140
2025-06-07T02:49:47,118,22,4,140
2025-06-07T03:19:54,118,22,4,140
2025-06-07T03:49:56,118,22,4,140
2025-06-07T04:40:47,118,22,4,140
2025-06-07T05:10:49,118,22,4,140
2025-06-07T05:40:51,118,22,4,140
2025-06-07T06:10:52,118,22,4,140
2025-06-07T06:41:01,118,22,4,140
2025-06-07T07:11:03,118,22,4,140
2025-06-07T07:41:02,118,22,4,140
2025-06-07T08:11:00,118,22,4,140
2025-06-07T08:40:57,118,22,4,140
2025-06-07T09:10:55,118,22,4,140
2025-06-07T09:41:00,118,22,4,140
2025-06-07T10:10:56,118,22,4,140
2025-06-07T10:40:52,118,22,4,140
2025-06-07T11:10:50,118,22,4,140
2025-06-07T11:40:46,118,22,4,140
2025-06-07T12:10:41,118,22,4,140
2025-06-07T12:40:48,118,22,4,140
2025-06-07T13:10:44,118,22,4,140
2025-06-07T13:40:40,118,22,4,140
2025-06-07T14:10:38,118,22,4,140
2025-06-07T14:40:43,118,22,4,140
2025-06-07T15:10:40,118,22,4,140
2025-06-07T15:40:38,118,22,4,140
2025-06-07T16:10:46,118,22,4,140
2025-06-07T16:40:42,118,22,4,140
2025-06-07T17:10:39,118,22,4,140
2025-06-07T17:40:36,118,22,4,140
2025-06-07T18:10:47,118,22,4,140
2025-06-07T18:40:47,118,22,4,140
2025-06-07T19:10:44,118,22,4,140
2025-06-07T19:40:41,118,22,4,140
2025-06-07T20:10:39,118,22,4,140
2025-06-07T20:40:47,118,22,4,140
2025-06-07T21:10:44,118,22,4,140
2025-06-07T21:40:41,118,22,4,140
2025-06-07T22:10:39,118,22,4,140
2025-06-07T22:40:39,118,22,4,140
2025-06-07T23:10:46,118,22,4,140
2025-06-07T23:40:43,118,22,4,140
2025-06-08T00:10:43,118,22,4,140
2025-06-08T00:40:48,118,22,4,140
2025-06-08T01:10:51,118,22,4,140
2025-06-08T01:40:51,118,22,4,140
2025-06-08T02:11:02,118,22,4,140
2025-06-08T02:41:12,118,22,4,140
2025-06-08T03:11:13,118,22,4,140
2025-06-08T03:41:12,118,22,4,140
2025-06-08T04:11:16,118,22,4,140
2025-06-08T04:42:41,118,22,4,140
2025-06-08T05:12:39,118,22,4,140
2025-06-08T05:42:39,118,22,4,140
2025-06-08T06:12:41,118,22,4,140
2025-06-08T06:42:44,118,22,4,140
2025-06-08T07:12:43,118,22,4,140
2025-06-08T07:42:47,118,22,4,140
2025-06-08T08:12:55,118,22,4,140
2025-06-08T08:42:53,118,22,4,140
2025-06-08T09:12:52,118,22,4,140
2025-06-08T09:42:50,118,22,4,140
2025-06-08T10:12:48,118,22,4,140
2025-06-08T10:42:47,118,22,4,140
2025-06-08T11:12:47,118,22,4,140
2025-06-08T11:42:45,118,22,4,140
2025-06-08T12:12:51,118,22,4,140
2025-06-08T12:42:48,118,22,4,140
2025-06-08T13:12:44,119,21,4,140
2025-06-08T13:42:50,118,22,4,140
2025-06-08T14:12:46,118,22,4,140
2025-06-08T14:42:42,118,22,4,140
2025-06-08T15:12:39,118,22,4,140
2025-06-08T15:42:45,118,22,4,140
2025-06-08T16:12:41,118,22,4,140
2025-06-08T16:42:37,118,22,4,140
2025-06-08T17:12:35,118,22,4,140
2025-06-08T17:42:40,118,22,4,140
2025-06-08T18:12:36,118,22,4,140
2025-06-08T18:42:35,118,22,4,140
2025-06-08T19:12:32,118,22,4,140
2025-06-08T19:42:37,118,22,4,140
2025-06-08T20:12:56,117,23,4,140
2025-06-08T20:42:53,117,23,4,140
2025-06-08T21:12:50,117,23,4,140
2025-06-08T21:43:00,117,23,4,140
2025-06-08T22:12:59,117,23,4,140
2025-06-08T22:42:57,117,23,4,140
2025-06-08T23:13:04,117,23,4,140
2025-06-08T23:43:01,117,23,4,140
2025-06-09T00:13:01,117,23,4,140
2025-06-09T00:43:02,117,23,4,140
2025-06-09T01:13:17,117,23,4,140
2025-06-09T01:43:32,117,23,4,140
2025-06-09T02:13:34,117,23,4,140
2025-06-09T02:43:50,117,23,4,140
2025-06-09T03:13:49,117,23,4,140
2025-06-09T03:43:46,117,23,4,140
2025-06-09T04:42:25,117,23,4,140
2025-06-09T05:12:44,117,23,4,140
2025-06-09T05:42:45,117,23,4,140
2025-06-09T06:12:46,117,23,4,140
2025-06-09T06:42:50,117,23,4,140
2025-06-09T07:12:52,117,23,4,140
2025-06-09T07:42:50,117,23,4,140
2025-06-09T08:12:55,117,23,4,140
2025-06-09T08:42:52,117,23,4,140
2025-06-09T09:12:49,117,23,4,140
2025-06-09T09:42:46,117,23,4,140
2025-06-09T10:12:55,117,23,4,140
2025-06-09T10:42:52,117,23,4,140
2025-06-09T11:12:49,117,23,4,140
2025-06-09T11:42:55,117,23,4,140
2025-06-09T12:12:51,117,23,4,140
2025-06-09T12:43:00,117,23,4,140
2025-06-09T13:12:58,117,23,4,140
2025-06-09T13:42:56,117,23,4,140
2025-06-09T14:13:04,117,23,4,140
2025-06-09T14:43:02,117,23,4,140
2025-06-09T15:13:03,117,23,4,140
2025-06-09T15:43:10,117,23,4,140
2025-06-09T16:13:07,117,23,4,140
2025-06-09T16:43:14,118,22,4,140
2025-06-09T17:13:13,118,22,4,140
2025-06-09T17:43:10,118,22,4,140
2025-06-09T18:13:18,118,22,4,140
2025-06-09T18:43:16,118,22,4,140
2025-06-09T19:13:13,118,22,4,140
2025-06-09T19:43:20,118,22,4,140
2025-06-09T20:13:17,118,22,4,140
2025-06-09T20:43:14,118,22,4,140
2025-06-09T21:13:13,118,22,4,140
2025-06-09T21:43:22,118,22,4,140
2025-06-09T22:13:19,118,22,4,140
2025-06-09T22:43:17,118,22,4,140
2025-06-09T23:13:18,118,22,4,140
2025-06-09T23:43:26,118,22,4,140
2025-06-10T00:13:25,118,22,4,140
2025-06-10T00:43:28,118,22,4,140
2025-06-10T01:13:33,118,22,4,140
2025-06-10T01:43:48,118,22,4,140
2025-06-10T02:13:50,118,22,4,140
2025-06-10T02:43:51,118,22,4,140
2025-06-10T03:13:50,118,22,4,140
2025-06-10T03:43:52,118,22,4,140
2025-06-10T04:13:53,118,22,4,140
2025-06-10T04:49:00,118,22,4,140
2025-06-10T05:19:00,118,22,4,140
2025-06-10T05:49:01,118,22,4,140
2025-06-10T06:19:05,118,22,4,140
2025-06-10T06:49:10,118,22,4,140
2025-06-10T07:19:12,118,22,4,140
2025-06-10T07:49:19,118,22,4,140
2025-06-10T08:19:18,118,22,4,140
2025-06-10T08:49:17,118,22,4,140
2025-06-10T09:19:15,118,22,4,140
2025-06-10T09:49:26,118,22,4,140
2025-06-10T10:19:25,118,22,4,140
2025-06-10T10:49:24,118,22,4,140
2025-06-10T11:19:23,118,22,4,140
2025-06-10T11:49:30,118,22,4,140
2025-06-10T12:19:27,118,22,5,140
2025-06-10T12:49:24,118,22,5,140
2025-06-10T13:19:32,118,22,5,140
2025-06-10T13:49:30,118,22,5,140
2025-06-10T14:19:41,118,22,5,140
2025-06-10T14:49:39,118,22,5,140
2025-06-10T15:19:36,118,22,5,140
2025-06-10T15:49:45,118,22,5,140
2025-06-10T16:19:43,118,22,5,140
2025-06-10T16:49:40,118,22,5,140
2025-06-10T17:19:48,118,22,5,140
2025-06-10T17:49:48,118,22,5,140
2025-06-10T18:19:49,118,22,5,140
2025-06-10T18:49:58,118,22,5,140
2025-06-10T19:19:56,118,22,5,140
2025-06-10T19:49:53,118,22,5,140
2025-06-10T20:19:50,118,22,5,140
2025-06-10T20:49:57,118,22,5,140
2025-06-10T21:19:54,118,22,5,140
2025-06-10T21:49:52,118,22,5,140
2025-06-10T22:19:50,118,22,5,140
2025-06-10T22:49:58,118,22,5,140
2025-06-10T23:19:57,118,22,5,140
2025-06-10T23:49:55,118,22,5,140
2025-06-11T00:19:56,118,22,5,140
2025-06-11T00:49:58,118,22,5,140
2025-06-11T01:20:12,118,22,5,140
2025-06-11T01:50:16,118,22,5,140
2025-06-11T02:20:20,118,22,5,140
2025-06-11T02:50:25,118,22,5,140
2025-06-11T03:20:29,118,22,5,140
2025-06-11T03:50:30,118,22,5,140
2025-06-11T04:39:21,118,22,5,140
2025-06-11T05:10:55,118,22,5,140
2025-06-11T05:41:18,118,22,5,140
2025-06-11T06:11:22,118,22,5,140
2025-06-11T06:41:24,118,22,5,140
2025-06-11T07:11:27,118,22,5,140
2025-06-11T07:41:26,118,22,5,140
2025-06-11T08:11:25,118,22,5,140
2025-06-11T08:41:32,118,22,5,140
2025-06-11T09:11:29,118,22,5,140
2025-06-11T09:41:29,118,22,5,140
2025-06-11T10:11:26,118,22,5,140
2025-06-11T10:41:34,118,22,5,140
2025-06-11T11:11:33,117,23,5,140
2025-06-11T11:41:33,117,23,5,140
2025-06-11T12:11:39,117,23,5,140
2025-06-11T12:41:37,117,23,5,140
2025-06-11T13:11:48,117,23,5,140
2025-06-11T13:41:46,117,23,5,140
2025-06-11T14:11:43,117,23,5,140
2025-06-11T14:41:55,117,23,5,140
2025-06-11T15:11:54,117,23,5,140
2025-06-11T15:42:06,117,23,5,140
2025-06-11T16:12:07,117,23,5,140
2025-06-11T16:42:08,117,23,5,140
2025-06-11T17:12:17,117,23,5,140
2025-06-11T17:42:16,117,23,5,140
2025-06-11T18:12:16,117,23,5,140
2025-06-11T18:42:26,116,24,5,140
2025-06-11T19:12:24,116,24,5,140
2025-06-11T19:42:25,116,24,5,140
2025-06-11T20:12:23,116,24,5,140
2025-06-11T20:42:32,116,24,5,140
2025-06-11T21:12:31,116,24,5,140
2025-06-11T21:42:31,116,24,5,140
2025-06-11T22:12:29,116,24,5,140
2025-06-11T22:42:39,117,23,5,140
2025-06-11T23:12:38,117,23,5,140
2025-06-11T23:42:39,117,23,5,140
2025-06-12T00:12:41,117,23,5,140
2025-06-12T00:42:55,117,23,5,140
2025-06-12T01:12:59,117,23,5,140
2025-06-12T01:43:03,117,23,5,140
2025-06-12T02:13:07,117,23,5,140
2025-06-12T02:43:11,117,23,5,140
2025-06-12T03:13:10,117,23,5,140
2025-06-12T03:43:33,117,23,5,140
2025-06-12T04:39:04,117,23,5,140
2025-06-12T05:09:05,117,23,5,140
2025-06-12T05:39:07,117,23,5,140
2025-06-12T06:09:10,117,23,5,140
2025-06-12T06:39:13,117,23,5,140
2025-06-12T07:09:16,117,23,5,140
2025-06-12T07:39:16,117,23,5,140
2025-06-12T08:09:23,117,23,5,140
2025-06-12T08:39:23,117,23,5,140
2025-06-12T09:09:22,117,23,5,140
2025-06-12T09:39:21,117,23,5,140
2025-06-12T10:09:22,117,23,5,140
2025-06-12T10:39:32,117,23,5,140
2025-06-12T11:09:33,117,23,5,140
2025-06-12T11:39:46,117,23,5,140
2025-06-12T12:09:47,117,23,5,140
2025-06-12T12:39:56,117,23,5,140
2025-06-12T13:09:54,117,23,5,140
2025-06-12T13:39:53,117,23,5,140
2025-06-12T14:10:05,117,23,5,140
2025-06-12T14:40:03,117,23,5,140
2025-06-12T15:10:02,117,23,5,140
2025-06-12T15:40:15,117,23,5,140
2025-06-12T16:10:13,117,23,5,140
2025-06-12T16:40:11,117,23,5,140
2025-06-12T17:10:22,117,23,5,140
2025-06-12T17:40:22,117,23,5,140
2025-06-12T18:10:21,117,23,5,140
2025-06-12T18:40:32,117,23,5,140
2025-06-12T19:10:31,117,23,5,140
2025-06-12T19:40:30,117,23,5,140
2025-06-12T20:10:41,117,23,5,140
2025-06-12T20:40:40,117,23,5,140
2025-06-12T21:10:39,117,23,5,140
2025-06-12T21:40:37,117,23,5,140
2025-06-12T22:10:50,117,23,5,140
2025-06-12T22:40:50,117,23,5,140
2025-06-12T23:10:52,117,23,5,140
2025-06-12T23:40:51,117,23,5,140
2025-06-13T00:11:03,117,23,5,140
2025-06-13T00:41:05,117,23,5,140
2025-06-13T01:11:09,117,23,5,140
2025-06-13T01:42:17,117,23,5,140
2025-06-13T02:12:15,117,23,5,140
2025-06-13T02:42:25,117,23,5,140
2025-06-13T03:12:20,117,23,5,140
2025-06-13T03:42:15,117,23,5,140
2025-06-13T04:12:12,117,23,5,140
2025-06-13T04:46:56,117,23,5,140
2025-06-13T05:16:57,117,23,5,140
2025-06-13T05:47:02,117,23,5,140
2025-06-13T06:17:04,117,23,5,140
2025-06-13T06:47:51,117,23,5,140
2025-06-13T07:17:58,117,23,5,140
2025-06-13T07:48:07,117,23,5,140
2025-06-13T08:18:06,117,23,5,140
2025-06-13T08:48:04,117,23,5,140
2025-06-13T09:18:03,117,23,5,140
2025-06-13T09:48:01,117,23,5,140
2025-06-13T10:18:11,117,23,5,140
2025-06-13T10:48:10,117,23,5,140
2025-06-13T11:18:21,117,23,5,140
2025-06-13T11:48:21,117,23,5,140
2025-06-13T12:18:19,117,23,5,140
2025-06-13T12:48:27,117,23,5,140
2025-06-13T13:18:27,117,23,5,140
2025-06-13T13:48:36,117,23,5,140
2025-06-13T14:18:35,117,23,5,140
2025-06-13T14:48:34,117,23,5,140
2025-06-13T15:18:32,117,23,5,140
2025-06-13T15:48:44,117,23,5,140
2025-06-13T16:18:43,117,23,5,140
2025-06-13T16:48:53,117,23,5,140
2025-06-13T17:18:52,117,23,5,140
2025-06-13T17:48:50,117,23,5,140
2025-06-13T18:19:02,117,23,5,140
2025-06-13T18:49:03,117,23,5,140
2025-06-13T19:19:01,117,23,5,140
2025-06-13T19:48:59,117,23,5,140
2025-06-13T20:19:10,117,23,5,140
2025-06-13T20:49:08,117,23,5,140
2025-06-13T21:19:07,117,23,5,140
2025-06-13T21:49:05,117,23,5,140
2025-06-13T22:19:04,117,23,5,140
2025-06-13T22:49:14,117,23,5,140
2025-06-13T23:19:14,117,23,5,140
2025-06-13T23:49:13,117,23,5,140
2025-06-14T00:19:17,117,23,5,140
2025-06-14T00:49:32,118,22,5,140
2025-06-14T01:19:36,118,22,5,140
2025-06-14T01:49:39,118,22,5,140
2025-06-14T02:19:44,118,22,5,140
2025-06-14T02:49:47,118,22,5,140
2025-06-14T03:19:49,118,22,5,140
2025-06-14T03:50:12,118,22,5,140
2025-06-14T04:35:29,118,22,5,140
2025-06-14T05:07:14,118,22,5,140
2025-06-14T05:37:18,118,22,5,140
2025-06-14T06:07:22,118,22,5,140
2025-06-14T06:37:25,118,22,5,140
2025-06-14T07:07:39,118,22,5,140
2025-06-14T07:37:40,118,22,5,140
2025-06-14T08:07:40,118,22,5,140
2025-06-14T08:37:42,118,22,5,140
2025-06-14T09:07:41,118,22,5,140
2025-06-14T09:37:53,118,22,5,140
2025-06-14T10:07:52,118,22,5,140
2025-06-14T10:37:52,118,22,5,140
2025-06-14T11:07:50,119,21,5,140
2025-06-14T11:38:00,119,21,5,140
2025-06-14T12:07:59,119,21,5,140
2025-06-14T12:38:00,119,21,5,140
2025-06-14T13:08:08,119,21,5,140
2025-06-14T13:38:06,119,21,5,140
2025-06-14T14:08:04,119,21,5,140
2025-06-14T14:38:05,119,21,5,140
2025-06-14T15:08:13,119,21,5,140
2025-06-14T15:38:13,119,21,5,140
2025-06-14T16:08:11,119,21,5,140
2025-06-14T16:38:21,119,21,5,140
2025-06-14T17:08:19,119,21,5,140
2025-06-14T17:38:18,120,20,5,140
2025-06-14T18:08:21,120,20,5,140
2025-06-14T18:38:31,120,20,5,140
2025-06-14T19:08:32,120,20,5,140
2025-06-14T19:38:32,120,20,5,140
2025-06-14T20:08:41,120,20,5,140
2025-06-14T20:38:40,120,20,5,140
2025-06-14T21:08:38,120,20,5,140
2025-06-14T21:38:39,120,20,5,140
2025-06-14T22:08:39,120,20,5,140
2025-06-14T22:38:48,120,20,5,140
2025-06-14T23:08:48,120,20,5,140
2025-06-14T23:38:48,120,20,5,140
2025-06-15T00:08:58,120,20,5,140
2025-06-15T00:38:59,120,20,5,140
2025-06-15T01:13:03,120,20,5,140
2025-06-15T01:43:07,120,20,5,140
2025-06-15T02:13:15,120,20,5,140
2025-06-15T02:43:21,120,20,5,140
2025-06-15T03:13:22,120,20,5,140
2025-06-15T03:43:32,120,20,5,140
2025-06-15T04:34:07,120,20,5,140
2025-06-15T05:04:35,120,20,5,140
2025-06-15T05:35:03,120,20,5,140
2025-06-15T06:05:58,120,20,5,140
2025-06-15T06:36:04,120,20,5,140
2025-06-15T07:06:06,120,20,5,140
2025-06-15T07:36:16,120,20,5,140
2025-06-15T08:06:18,120,20,5,140
2025-06-15T08:36:19,120,20,5,140
2025-06-15T09:06:23,120,20,5,140
2025-06-15T09:36:26,120,20,5,140
2025-06-15T10:06:38,120,20,5,140
2025-06-15T10:36:40,120,20,5,140
2025-06-15T11:06:40,120,20,5,140
2025-06-15T11:36:39,120,20,5,140
2025-06-15T12:06:46,120,20,5,140
2025-06-15T12:36:45,120,20,5,140
2025-06-15T13:06:53,120,20,5,140
2025-06-15T13:36:51,120,20,5,140
2025-06-15T14:06:48,120,20,5,140
2025-06-15T14:36:46,120,20,5,140
2025-06-15T15:06:54,120,20,5,140
2025-06-15T15:36:52,120,20,5,140
2025-06-15T16:07:00,120,20,5,140
2025-06-15T16:36:58,120,20,5,140
2025-06-15T17:06:56,120,20,5,140
2025-06-15T17:37:05,120,20,5,140
2025-06-15T18:07:04,120,20,5,140
2025-06-15T18:37:04,120,20,5,140
2025-06-15T19:07:12,120,20,5,140
2025-06-15T19:37:11,120,20,5,140
2025-06-15T20:07:10,120,20,5,140
2025-06-15T20:37:20,120,20,5,140
2025-06-15T21:07:18,120,20,5,140
2025-06-15T21:37:19,120,20,5,140
2025-06-15T22:07:29,120,20,5,140
2025-06-15T22:37:27,120,20,5,140
2025-06-15T23:07:27,120,20,5,140
2025-06-15T23:37:39,120,20,5,140
2025-06-16T00:07:38,120,20,5,140
2025-06-16T00:37:42,120,20,5,140
2025-06-16T01:07:57,120,20,5,140
2025-06-16T01:38:00,120,20,5,140
2025-06-16T02:08:02,120,20,5,140
2025-06-16T02:38:07,120,20,5,140
2025-06-16T03:08:07,120,20,5,140
2025-06-16T03:38:07,120,20,5,140
2025-06-16T04:10:09,120,20,5,140
2025-06-16T04:46:57,120,20,5,140
2025-06-16T05:17:00,120,20,5,140
2025-06-16T05:47:02,120,20,5,140
2025-06-16T06:17:05,120,20,5,140
2025-06-16T06:47:14,120,20,5,140
2025-06-16T07:17:15,120,20,5,140
2025-06-16T07:47:25,120,20,5,140
2025-06-16T08:17:25,120,20,5,140
2025-06-16T08:47:24,120,20,5,140
2025-06-16T09:17:24,120,20,5,140
2025-06-16T09:47:37,120,20,5,140
2025-06-16T10:17:38,120,20,5,140
2025-06-16T10:47:53,120,20,5,140
2025-06-16T11:17:52,120,20,5,140
2025-06-16T11:48:03,120,20,5,140
2025-06-16T12:18:04,120,20,5,140
2025-06-16T12:48:15,120,20,5,140
2025-06-16T13:18:15,120,20,5,140
2025-06-16T13:48:28,120,20,5,140
2025-06-16T14:18:29,120,20,5,140
2025-06-16T14:48:43,120,20,5,140
2025-06-16T15:18:55,120,20,5,140
2025-06-16T15:48:55,120,20,5,140
2025-06-16T16:19:06,120,20,5,140
2025-06-16T16:49:07,120,20,5,140
2025-06-16T17:19:19,120,20,5,140
2025-06-16T17:49:20,120,20,5,140
2025-06-16T18:19:31,120,20,5,140
2025-06-16T18:49:31,120,20,5,140
2025-06-16T19:19:43,120,20,5,140
2025-06-16T19:49:42,120,20,5,140
2025-06-16T20:19:53,120,20,5,140
2025-06-16T20:49:52,120,20,5,140
2025-06-16T21:20:06,120,20,5,140
2025-06-16T21:50:05,120,20,5,140
2025-06-16T22:20:04,120,20,5,140
2025-06-16T22:50:17,120,20,5,140
2025-06-16T23:20:16,120,20,5,140
2025-06-16T23:50:29,121,19,5,140
2025-06-17T00:20:31,121,19,5,140
2025-06-17T00:50:35,121,19,5,140
2025-06-17T01:20:52,121,19,5,140
2025-06-17T01:50:57,121,19,5,140
2025-06-17T02:20:59,121,19,5,140
2025-06-17T02:51:09,121,19,5,140
2025-06-17T03:21:37,121,19,5,140
2025-06-17T03:51:38,121,19,5,140
2025-06-17T04:48:59,121,19,5,140
2025-06-17T05:19:01,121,19,5,140
2025-06-17T05:49:03,121,19,5,140
2025-06-17T06:19:07,121,19,5,140
2025-06-17T06:49:10,121,19,5,140
2025-06-17T07:19:21,121,19,5,140
2025-06-17T07:49:21,121,19,5,140
2025-06-17T08:19:22,121,19,5,140
2025-06-17T08:49:23,121,19,5,140
2025-06-17T09:19:33,121,19,5,140
2025-06-17T09:49:32,121,19,5,140
2025-06-17T10:19:44,121,19,5,140
2025-06-17T10:49:57,122,18,5,140
2025-06-17T11:19:56,122,18,5,140
2025-06-17T11:50:07,122,18,5,140
2025-06-17T12:20:07,122,18,5,140
2025-06-17T12:50:15,122,18,5,140
2025-06-17T13:20:23,122,18,5,140
2025-06-17T13:50:19,122,18,5,140
2025-06-17T14:20:31,122,18,5,140
2025-06-17T14:50:39,122,18,5,140
2025-06-17T15:20:36,122,18,5,140
2025-06-17T15:50:51,122,18,5,140
2025-06-17T16:21:03,122,18,5,140
2025-06-17T16:51:13,122,18,5,140
2025-06-17T17:21:14,122,18,5,140
2025-06-17T17:51:27,122,18,5,140
2025-06-17T18:21:39,122,18,5,140
2025-06-17T18:51:40,122,18,5,140
2025-06-17T19:21:52,122,18,5,140
2025-06-17T19:51:53,123,17,5,140
2025-06-17T20:22:04,123,17,5,140
2025-06-17T20:52:17,122,18,5,140
2025-06-17T21:22:17,122,18,5,140
2025-06-17T21:52:31,122,18,5,140
2025-06-17T22:22:33,122,18,5,140
2025-06-17T22:52:48,123,17,4,140
2025-06-17T23:22:52,123,17,4,140
2025-06-17T23:53:06,123,17,4,140
2025-06-18T00:23:30,123,17,4,140
2025-06-18T00:53:37,123,17,4,140
2025-06-18T01:23:56,123,17,4,140
2025-06-18T01:54:09,123,17,4,140
2025-06-18T02:24:14,123,17,4,140
2025-06-18T02:54:29,123,17,4,140
2025-06-18T03:24:33,123,17,4,140
2025-06-18T03:54:35,123,17,4,140
2025-06-18T04:37:10,123,17,4,140
2025-06-18T05:07:14,123,17,4,140
2025-06-18T05:37:16,123,17,4,140
2025-06-18T06:07:20,123,17,4,140
2025-06-18T06:37:24,123,17,4,140
2025-06-18T07:07:37,123,17,4,140
2025-06-18T07:37:40,123,17,4,140
2025-06-18T08:07:53,123,17,4,140
2025-06-18T08:37:55,123,17,4,140
2025-06-18T09:08:08,124,16,4,140
2025-06-18T09:38:11,124,16,4,140
2025-06-18T10:08:27,124,16,4,140
2025-06-18T10:38:31,124,16,4,140
2025-06-18T11:08:44,124,16,4,140
2025-06-18T11:39:03,124,16,4,140
2025-06-18T12:09:10,124,16,4,140
2025-06-18T12:39:24,124,16,4,140
2025-06-18T13:09:43,124,16,4,140
2025-06-18T13:39:59,124,16,4,140
2025-06-18T14:10:03,124,16,4,140
2025-06-18T14:40:16,124,16,4,140
2025-06-18T15:10:20,124,16,4,140
2025-06-18T15:40:35,124,16,4,140
2025-06-18T16:10:50,124,16,4,140
2025-06-18T16:40:54,124,16,4,140
2025-06-18T17:11:08,124,16,4,140
2025-06-18T17:41:13,124,16,4,140
2025-06-18T18:11:27,124,16,4,140
2025-06-18T18:41:30,124,16,4,140
2025-06-18T19:11:34,124,16,4,140
2025-06-18T19:41:47,124,16,4,140
2025-06-18T20:12:02,124,16,4,140
2025-06-18T20:42:08,124,16,4,140
2025-06-18T21:12:12,124,16,4,140
2025-06-18T21:42:24,124,16,4,140
2025-06-18T22:12:31,124,16,4,140
2025-06-18T22:42:36,124,16,4,140
2025-06-18T23:12:50,124,16,4,140
2025-06-18T23:42:55,124,16,4,140
2025-06-19T00:13:02,124,16,4,140
2025-06-19T00:43:43,124,16,4,140
2025-06-19T01:14:18,124,16,4,140
2025-06-19T01:44:23,124,16,4,140
2025-06-19T02:14:28,124,16,4,140
2025-06-19T02:44:45,124,16,4,140
2025-06-19T03:15:04,124,16,4,140
2025-06-19T03:45:07,124,16,4,140
2025-06-19T04:15:11,124,16,4,140
2025-06-19T04:49:49,124,16,4,140
2025-06-19T05:19:52,124,16,4,140
2025-06-19T05:49:59,124,16,4,140
2025-06-19T06:20:04,124,16,4,140
2025-06-19T06:50:08,124,16,4,140
2025-06-19T07:20:11,124,16,4,140
2025-06-19T07:50:25,124,16,4,140
2025-06-19T08:20:26,124,16,4,140
2025-06-19T08:50:27,124,16,4,140
2025-06-19T09:20:28,124,16,4,140
2025-06-19T09:50:29,124,16,4,140
2025-06-19T10:20:40,124,16,4,140
2025-06-19T10:50:41,124,16,4,140
2025-06-19T11:20:42,124,16,4,140
2025-06-19T11:50:53,124,16,4,140
2025-06-19T12:20:56,124,16,4,140
2025-06-19T12:51:05,124,16,4,140
2025-06-19T13:21:06,124,16,4,140
2025-06-19T13:51:08,124,16,4,140
2025-06-19T14:21:19,124,16,4,140
2025-06-19T14:51:20,124,16,4,140
2025-06-19T15:21:21,124,16,4,140
2025-06-19T15:51:32,124,16,4,140
2025-06-19T16:21:33,124,16,4,140
2025-06-19T16:51:44,124,16,4,140
2025-06-19T17:21:46,124,16,4,140
2025-06-19T17:51:47,124,16,4,140
2025-06-19T18:21:49,124,16,4,140
2025-06-19T18:52:00,124,16,4,140
2025-06-19T19:22:01,124,16,4,140
2025-06-19T19:52:02,124,16,4,140
2025-06-19T20:22:14,124,16,4,140
2025-06-19T20:52:15,124,16,4,140
2025-06-19T21:22:16,124,16,4,140
2025-06-19T21:52:28,124,16,4,140
2025-06-19T22:22:29,124,16,4,140
2025-06-19T22:52:31,124,16,4,140
2025-06-19T23:22:47,124,16,4,140
2025-06-19T23:52:49,124,16,4,140
2025-06-20T00:23:07,124,16,4,140
2025-06-20T00:53:43,124,16,4,140
2025-06-20T01:23:59,124,16,4,140
2025-06-20T01:54:04,124,16,4,140
2025-06-20T02:24:09,123,17,4,140
2025-06-20T02:54:11,123,17,4,140
2025-06-20T03:24:13,123,17,4,140
2025-06-20T03:54:28,123,17,4,140
2025-06-20T04:44:25,123,17,4,140
2025-06-20T05:14:47,123,17,4,140
2025-06-20T05:44:52,123,17,4,140
2025-06-20T06:14:56,123,17,4,140
2025-06-20T06:45:02,123,17,4,140
2025-06-20T07:15:05,123,17,4,140
2025-06-20T07:45:10,123,17,4,140
2025-06-20T08:15:12,123,17,4,140
2025-06-20T08:45:22,123,17,4,140
2025-06-20T09:15:24,123,17,4,140
2025-06-20T09:45:25,123,17,4,140
2025-06-20T10:15:26,123,17,4,140
2025-06-20T10:45:42,123,17,4,140
2025-06-20T11:15:43,123,17,4,140
2025-06-20T11:45:45,123,17,4,140
2025-06-20T12:15:58,123,17,4,140
2025-06-20T12:45:59,123,17,4,140
2025-06-20T13:16:13,123,17,4,140
2025-06-20T13:46:14,123,17,4,140
2025-06-20T14:16:16,123,17,4,140
2025-06-20T14:46:28,123,17,4,140
2025-06-20T15:16:29,123,17,4,140
2025-06-20T15:46:46,123,17,4,140
2025-06-20T16:16:49,123,17,4,140
2025-06-20T16:46:50,122,18,4,140
2025-06-20T17:17:03,122,18,4,140
2025-06-20T17:47:04,122,18,4,140
2025-06-20T18:17:07,122,18,4,140
2025-06-20T18:47:08,122,18,4,140
2025-06-20T19:17:18,122,18,4,140
2025-06-20T19:47:19,122,18,4,140
2025-06-20T20:17:20,122,18,4,140
2025-06-20T20:47:20,122,18,4,140
2025-06-20T21:17:30,122,18,4,140
2025-06-20T21:47:31,122,18,4,140
2025-06-20T22:17:33,122,18,4,140
2025-06-20T22:47:44,122,18,4,140
2025-06-20T23:18:30,122,18,4,140
2025-06-20T23:48:32,122,18,4,140
2025-06-21T00:18:46,122,18,4,140
2025-06-21T00:49:42,122,18,4,140
2025-06-21T01:19:52,122,18,4,140
2025-06-21T01:49:57,122,18,4,140
2025-06-21T02:20:02,122,18,4,140
2025-06-21T02:50:07,122,18,4,140
2025-06-21T03:20:50,122,18,4,140
2025-06-21T03:50:55,122,18,4,140
2025-06-21T04:44:41,122,18,4,140
2025-06-21T05:14:45,122,18,4,140
2025-06-21T05:44:49,122,18,4,140
2025-06-21T06:14:54,122,18,4,140
2025-06-21T06:44:59,122,18,4,140
2025-06-21T07:15:12,122,18,4,140
2025-06-21T07:45:15,122,18,4,140
2025-06-21T08:15:18,122,18,4,140
2025-06-21T08:45:19,122,18,4,140
2025-06-21T09:15:20,122,18,4,140
2025-06-21T09:45:31,122,18,4,140
2025-06-21T10:15:32,122,18,4,140
2025-06-21T10:45:32,122,18,4,140
2025-06-21T11:15:32,122,18,4,140
2025-06-21T11:45:44,122,18,4,140
2025-06-21T12:15:44,122,18,4,140
2025-06-21T12:45:44,122,18,4,140
2025-06-21T13:15:47,123,17,4,140
2025-06-21T13:45:57,123,17,4,140
2025-06-21T14:15:58,123,17,4,140
2025-06-21T14:45:58,123,17,4,140
2025-06-21T15:15:59,123,17,4,140
2025-06-21T15:46:10,123,17,4,140
2025-06-21T16:16:11,123,17,4,140
2025-06-21T16:46:11,123,17,4,140
2025-06-21T17:16:13,123,17,4,140
2025-06-21T17:46:23,123,17,4,140
2025-06-21T18:16:23,123,17,4,140
2025-06-21T18:46:25,123,17,4,140
2025-06-21T19:16:26,123,17,4,140
2025-06-21T19:46:37,123,17,4,140
2025-06-21T20:16:37,123,17,4,140
2025-06-21T20:46:37,123,17,4,140
2025-06-21T21:16:38,123,17,4,140
2025-06-21T21:46:39,123,17,4,140
2025-06-21T22:16:50,123,17,4,140
2025-06-21T22:46:52,123,17,4,140
2025-06-21T23:16:55,123,17,4,140
2025-06-21T23:46:57,123,17,4,140
2025-06-22T00:17:13,123,17,4,140
2025-06-22T00:47:22,123,17,4,140
2025-06-22T01:17:28,123,17,4,140
2025-06-22T01:47:33,123,17,4,140
2025-06-22T02:17:49,123,17,4,140
2025-06-22T02:48:15,123,17,4,140
2025-06-22T03:18:21,123,17,4,140
2025-06-22T03:48:25,123,17,4,140
2025-06-25T11:21:38,125,15,3,140
2025-06-25T11:51:42,125,15,3,140
2025-06-25T12:21:46,125,15,3,140
2025-06-25T12:52:01,125,15,3,140
2025-06-25T13:22:04,125,15,3,140
2025-06-25T13:52:08,125,15,3,140
2025-06-25T14:22:22,125,15,3,140
2025-06-25T14:52:26,125,15,3,140
2025-06-25T15:22:30,125,15,3,140
2025-06-25T15:52:46,125,15,3,140
2025-06-25T16:22:49,125,15,3,140
2025-06-25T16:52:53,125,15,3,140
2025-06-25T17:23:07,125,15,3,140
2025-06-25T17:53:10,125,15,3,140
2025-06-25T18:23:14,125,15,3,140
2025-06-25T18:53:29,125,15,3,140
2025-06-25T19:23:32,125,15,3,140
2025-06-25T19:53:35,125,15,3,140
2025-06-25T20:23:39,125,15,3,140
2025-06-25T20:53:52,125,15,3,140
2025-06-25T21:23:54,125,15,3,140
2025-06-25T21:53:57,125,15,3,140
2025-06-25T22:24:00,125,15,3,140
2025-06-25T22:54:14,125,15,3,140
2025-06-25T23:24:16,125,15,3,140
2025-06-25T23:54:18,125,15,3,140
2025-06-26T00:24:26,125,15,3,140
2025-06-26T00:54:44,125,15,3,140
2025-06-26T01:24:51,125,15,3,140
2025-06-26T01:54:59,125,15,3,140
2025-06-26T02:25:06,125,15,3,140
2025-06-26T02:55:12,125,15,3,140
2025-06-26T03:25:30,125,15,3,140
2025-06-26T03:55:37,126,14,3,140
2025-06-26T04:37:46,126,14,3,140
2025-06-26T05:07:51,126,14,3,140
2025-06-26T05:37:59,126,14,3,140
2025-06-26T06:08:09,126,14,3,140
2025-06-26T06:38:17,126,14,3,140
2025-06-26T07:08:39,126,14,3,140
2025-06-26T07:38:43,126,14,3,140
2025-06-26T08:08:47,126,14,3,140
2025-06-26T08:38:52,126,14,3,140
2025-06-26T09:08:55,126,14,3,140
2025-06-26T09:39:12,126,14,3,140
2025-06-26T10:09:14,126,14,3,140
2025-06-26T10:39:17,126,14,3,140
2025-06-26T11:09:20,126,14,3,140
2025-06-26T11:39:36,126,14,3,140
2025-06-26T12:09:38,126,14,3,140
2025-06-26T12:39:41,126,14,3,140
2025-06-26T13:09:44,126,14,3,140
2025-06-26T13:40:00,126,14,3,140
2025-06-26T14:10:03,126,14,3,140
2025-06-26T14:40:06,126,14,3,140
2025-06-26T15:10:27,126,14,3,140
2025-06-26T15:40:30,126,14,3,140
2025-06-26T16:10:37,126,14,3,140
2025-06-26T16:40:49,126,14,3,140
2025-06-26T17:10:52,126,14,3,140
2025-06-26T17:40:55,126,14,3,140
2025-06-26T18:10:59,126,14,3,140
2025-06-26T18:41:23,126,14,3,140
2025-06-26T19:11:27,126,14,3,140
2025-06-26T19:42:54,126,14,3,140
2025-06-26T20:13:49,126,14,3,140
2025-06-26T20:44:49,126,14,3,140
2025-06-26T21:15:38,126,14,3,140
2025-06-26T21:46:44,126,14,3,140
2025-06-26T22:17:35,126,14,3,140
2025-06-26T22:48:05,126,14,3,140
2025-06-26T23:18:58,126,14,3,140
2025-06-26T23:49:47,126,14,3,140
2025-06-27T00:20:19,126,14,3,140
2025-06-27T00:50:49,126,14,3,140
2025-06-27T01:21:31,126,14,3,140
2025-06-27T01:52:25,126,14,3,140
2025-06-27T02:23:26,126,14,3,140
2025-06-27T02:54:21,126,14,3,140
2025-06-27T03:25:13,126,14,3,140
2025-06-27T03:55:48,126,14,3,140
2025-06-27T15:43:27,126,14,3,140
2025-06-27T16:14:03,126,14,3,140
2025-06-27T16:44:51,126,14,3,140
2025-06-27T17:15:19,126,14,3,140
2025-06-27T17:45:47,126,14,3,140
2025-06-27T18:16:34,126,14,3,140
2025-06-27T18:47:13,126,14,3,140
2025-06-27T19:17:31,126,14,3,140
2025-06-27T19:48:06,126,14,3,140
2025-06-27T20:19:02,126,14,3,140
2025-06-27T20:49:35,126,14,3,140
2025-06-27T21:20:20,126,14,3,140
2025-06-27T21:50:43,126,14,3,140
2025-06-27T22:21:20,126,14,3,140
2025-06-27T22:51:55,126,14,3,140
2025-06-27T23:23:00,126,14,3,140
2025-06-27T23:54:12,126,14,3,140
2025-06-28T00:25:22,126,14,3,140
2025-06-28T00:56:15,126,14,3,140
2025-06-28T01:27:08,126,14,3,140
2025-06-28T01:57:29,126,14,3,140
2025-06-28T02:28:09,126,14,3,140
2025-06-28T02:59:19,126,14,3,140
2025-06-28T03:30:45,126,14,3,140
2025-06-28T04:01:40,126,14,3,140
2025-06-28T04:45:04,126,14,3,140
2025-06-28T05:16:10,126,14,3,140
2025-06-28T05:47:04,126,14,3,140
2025-06-28T06:17:35,126,14,3,140
2025-06-28T06:48:08,126,14,3,140
2025-06-28T07:18:36,126,14,3,140
2025-06-28T07:49:38,126,14,3,140
2025-06-28T08:20:05,126,14,3,140
2025-06-28T08:50:23,126,14,3,140
2025-06-28T09:20:47,126,14,3,140
2025-06-28T09:51:03,126,14,3,140
2025-06-28T10:21:28,126,14,3,140
2025-06-28T10:52:14,126,14,3,140
2025-06-28T11:23:22,126,14,3,140
2025-06-28T11:54:06,126,14,3,140
2025-06-28T12:24:37,126,14,3,140
2025-06-28T12:55:21,126,14,3,140
2025-06-28T13:26:02,126,14,3,140
2025-06-28T13:57:02,126,14,3,140
2025-06-28T14:27:43,126,14,3,140
2025-06-28T14:58:27,126,14,3,140
2025-06-28T15:28:55,126,14,3,140
2025-06-28T15:59:25,126,14,3,140
2025-06-28T16:29:54,126,14,3,140
2025-06-28T17:00:50,126,14,3,140
2025-06-28T17:31:50,126,14,3,140
2025-06-28T18:02:23,126,14,3,140
2025-06-28T18:33:13,126,14,3,140
2025-06-28T19:04:02,126,14,3,140
2025-06-28T19:34:30,126,14,3,140
2025-06-28T20:05:39,126,14,3,140
2025-06-28T20:36:16,126,14,3,140
2025-06-28T21:06:44,126,14,3,140
2025-06-28T21:37:29,126,14,3,140
2025-06-28T22:07:58,126,14,3,140
2025-06-28T22:38:22,126,14,3,140
2025-06-28T23:08:51,126,14,3,140
2025-06-28T23:39:44,126,14,3,140
2025-06-29T00:10:32,126,14,3,140
2025-06-29T00:41:05,126,14,3,140
2025-06-29T01:12:18,126,14,3,140
2025-06-29T01:43:17,126,14,3,140
2025-06-29T02:13:59,126,14,3,140
2025-06-29T02:44:36,126,14,3,140
2025-06-29T03:15:19,126,14,3,140
2025-06-29T03:46:04,126,14,3,140
2025-06-29T04:39:51,126,14,3,140
2025-06-29T05:12:58,126,14,3,140
2025-06-29T05:44:06,126,14,3,140
2025-06-29T06:15:04,126,14,3,140
2025-06-29T06:45:49,126,14,3,140
2025-06-29T07:16:11,126,14,3,140
2025-06-29T07:47:23,126,14,3,140
2025-06-29T08:18:09,126,14,3,140
2025-06-29T08:48:38,126,14,3,140
2025-06-29T09:18:52,126,14,3,140
2025-06-29T09:49:24,126,14,3,140
2025-06-29T10:19:52,126,14,3,140
2025-06-29T10:50:33,126,14,3,140
2025-06-29T11:21:15,126,14,3,140
2025-06-29T11:51:41,126,14,3,140
2025-06-29T12:22:04,126,14,3,140
2025-06-29T12:52:36,127,13,3,140
2025-06-29T13:22:52,127,13,3,140
2025-06-29T13:53:41,127,13,3,140
2025-06-29T14:24:23,127,13,3,140
2025-06-29T14:54:50,127,13,3,140
2025-06-29T15:25:14,127,13,3,140
2025-06-29T15:55:33,127,13,3,140
2025-06-29T16:26:08,127,13,3,140
2025-06-29T16:56:41,126,14,3,140
2025-06-29T17:27:12,126,14,3,140
2025-06-29T17:57:41,126,14,3,140
2025-06-29T18:28:18,126,14,3,140
2025-06-29T18:58:30,126,14,3,140
2025-06-29T19:29:10,126,14,3,140
2025-06-29T19:59:55,126,14,3,140
2025-06-29T20:30:24,126,14,3,140
2025-06-29T21:00:51,126,14,3,140
2025-06-29T21:31:52,126,14,3,140
2025-06-29T22:02:19,126,14,3,140
2025-06-29T22:32:42,126,14,3,140
2025-06-29T23:03:01,126,14,3,140
2025-06-29T23:33:21,126,14,3,140
2025-06-30T00:03:41,126,14,3,140
2025-06-30T00:34:09,126,14,3,140
2025-06-30T01:04:34,126,14,3,140
2025-06-30T01:35:08,126,14,3,140
2025-06-30T02:05:47,126,14,3,140
2025-06-30T02:36:35,126,14,3,140
2025-06-30T03:07:10,126,14,3,140
2025-06-30T03:37:56,126,14,3,140
2025-06-30T04:08:39,126,14,3,140
2025-06-30T04:41:48,126,14,3,140
2025-06-30T05:12:22,126,14,3,140
2025-06-30T05:42:55,126,14,3,140
2025-06-30T06:13:36,126,14,3,140
2025-06-30T06:44:12,126,14,3,140
2025-06-30T07:14:43,126,14,3,140
2025-06-30T07:45:15,126,14,3,140
2025-06-30T08:15:55,126,14,3,140
2025-06-30T08:46:48,126,14,3,140
2025-06-30T09:17:13,126,14,3,140
2025-06-30T09:48:00,126,14,3,140
2025-06-30T10:18:56,126,14,3,140
2025-06-30T10:49:50,126,14,3,140
2025-06-30T11:20:55,126,14,3,140
2025-06-30T11:51:35,126,14,3,140
2025-06-30T12:21:57,126,14,3,140
2025-06-30T12:52:43,126,14,3,140
2025-06-30T13:23:20,126,14,3,140
2025-06-30T13:54:19,126,14,3,140
2025-06-30T14:25:41,126,14,3,140
2025-06-30T14:56:15,126,14,3,140
2025-06-30T15:26:38,126,14,3,140
2025-06-30T15:57:16,126,14,3,140
2025-06-30T16:27:54,126,14,3,140
2025-06-30T16:59:05,126,14,3,140
2025-06-30T17:29:48,126,14,3,140
2025-06-30T18:00:11,126,14,3,140
2025-06-30T18:30:32,126,14,3,140
2025-06-30T19:01:12,126,14,3,140
2025-06-30T19:31:37,126,14,3,140
2025-06-30T20:01:59,126,14,3,140
2025-06-30T20:32:15,126,14,3,140
2025-06-30T21:03:13,126,14,3,140
2025-06-30T21:34:02,126,14,3,140
2025-06-30T22:05:05,126,14,3,140
2025-06-30T22:36:21,126,14,3,140
2025-06-30T23:06:53,126,14,3,140
2025-06-30T23:37:34,126,14,3,140
2025-07-01T00:08:33,126,14,3,140
2025-07-01T00:39:54,126,14,3,140
2025-07-01T01:10:36,126,14,3,140
2025-07-01T01:40:55,126,14,3,140
2025-07-01T02:11:24,126,14,3,140
2025-07-01T02:41:47,126,14,3,140
2025-07-01T03:12:25,126,14,3,140
2025-07-01T03:43:04,126,14,3,140
2025-07-01T04:42:56,126,14,3,140
2025-07-01T05:13:33,126,14,3,140
2025-07-01T05:43:51,126,14,3,140
2025-07-01T06:14:20,126,14,3,140
2025-07-01T06:44:59,126,14,3,140
2025-07-01T07:15:23,126,14,3,140
2025-07-01T07:45:41,126,14,3,140
2025-07-01T08:16:25,126,14,3,140
2025-07-01T08:46:54,126,14,3,140
2025-07-01T09:17:36,126,14,3,140
2025-07-01T09:48:04,126,14,3,140
2025-07-01T10:18:58,126,14,3,140
2025-07-01T10:50:06,126,14,3,140
2025-07-01T11:21:14,126,14,3,140
2025-07-01T11:52:01,126,14,3,140
2025-07-01T12:22:36,126,14,3,140
2025-07-01T12:53:55,126,14,3,140
2025-07-01T13:24:37,126,14,3,140
2025-07-01T13:55:18,126,14,3,140
2025-07-01T14:26:19,126,14,3,140
2025-07-01T14:56:43,126,14,3,140
2025-07-01T15:27:14,126,14,3,140
2025-07-01T15:58:11,126,14,3,140
2025-07-01T16:28:45,126,14,3,140
2025-07-01T16:59:33,126,14,3,140
2025-07-01T17:30:21,126,14,3,140
2025-07-01T18:01:09,126,14,3,140
2025-07-01T18:32:03,126,14,3,140
2025-07-01T19:03:15,126,14,3,140
2025-07-01T19:34:06,126,14,3,140
2025-07-01T20:04:24,126,14,3,140
2025-07-01T20:34:32,126,14,3,140
2025-07-01T21:05:03,126,14,3,140
2025-07-01T21:35:26,126,14,3,140
2025-07-01T22:06:12,126,14,3,140
2025-07-01T22:36:55,126,14,3,140
2025-07-01T23:07:28,126,14,3,140
2025-07-01T23:37:41,126,14,3,140
2025-07-02T00:08:44,126,14,3,140
2025-07-02T00:39:19,126,14,3,140
2025-07-02T01:10:05,126,14,3,140
2025-07-02T01:40:43,126,14,3,140
2025-07-02T02:11:00,126,14,3,140
2025-07-02T02:41:36,126,14,3,140
2025-07-02T03:12:00,126,14,3,140
2025-07-02T03:42:39,126,14,3,140
2025-07-02T04:39:53,126,14,3,140
2025-07-02T05:10:38,126,14,3,140
2025-07-02T05:41:25,126,14,3,140
2025-07-02T06:11:51,126,14,3,140
2025-07-02T06:42:38,126,14,3,140
2025-07-02T07:13:10,126,14,3,140
2025-07-02T07:43:47,126,14,3,140
2025-07-02T08:14:40,126,14,3,140
2025-07-02T08:45:18,126,14,3,140
2025-07-02T09:15:39,126,14,3,140
2025-07-02T09:46:23,126,14,3,140
2025-07-02T10:17:47,126,14,3,140
2025-07-02T10:48:48,126,14,3,140
2025-07-02T11:19:46,126,14,3,140
2025-07-02T11:50:41,125,15,3,140
2025-07-02T12:21:48,125,15,3,140
2025-07-02T12:53:18,125,15,3,140
2025-07-02T13:24:18,125,15,3,140
2025-07-02T13:54:58,125,15,3,140
2025-07-02T14:25:52,125,15,3,140
2025-07-02T14:56:21,125,15,3,140
2025-07-02T15:27:31,125,15,3,140
2025-07-02T15:58:18,125,15,3,140
2025-07-02T16:29:02,125,15,3,140
2025-07-02T16:59:14,125,15,3,140
2025-07-02T17:29:44,125,15,3,140
2025-07-02T18:00:30,125,15,3,140
2025-07-02T18:31:11,125,15,3,140
2025-07-02T19:01:42,125,15,3,140
2025-07-02T19:32:15,125,15,3,140
2025-07-02T20:02:44,125,15,3,140
2025-07-02T20:33:17,125,15,3,140
2025-07-02T21:03:37,125,15,3,140
2025-07-02T21:34:00,125,15,3,140
2025-07-02T22:04:30,125,15,3,140
2025-07-02T22:34:59,125,15,3,140
2025-07-02T23:05:13,125,15,3,140
2025-07-02T23:35:39,125,15,3,140
2025-07-03T00:06:16,125,15,3,140
2025-07-03T00:37:30,125,15,3,140
2025-07-03T01:08:09,125,15,3,140
2025-07-03T01:38:55,125,15,3,140
2025-07-03T02:09:47,125,15,3,140
2025-07-03T02:41:00,125,15,3,140
2025-07-03T03:11:36,125,15,3,140
2025-07-03T03:42:35,125,15,3,140
2025-07-03T04:37:56,125,15,3,140
2025-07-03T05:08:41,125,15,3,140
2025-07-03T05:39:55,125,15,3,140
2025-07-03T06:10:59,125,15,3,140
2025-07-03T06:41:39,125,15,3,140
2025-07-03T07:12:01,125,15,3,140
2025-07-03T07:42:40,125,15,3,140
2025-07-03T08:13:25,125,15,3,140
2025-07-03T08:44:14,125,15,3,140
2025-07-03T09:14:48,125,15,3,140
2025-07-03T09:45:30,125,15,3,140
2025-07-03T10:15:52,125,15,3,140
2025-07-03T10:46:28,125,15,3,140
2025-07-03T11:17:20,125,15,3,140
2025-07-03T11:48:13,125,15,3,140
2025-07-03T12:19:11,125,15,3,140
2025-07-03T12:49:59,125,15,3,140
2025-07-03T13:21:01,125,15,3,140
2025-07-03T13:52:27,125,15,3,140
2025-07-03T14:22:58,125,15,3,140
2025-07-03T14:53:18,125,15,3,140
2025-07-03T15:23:31,125,15,3,140
2025-07-03T15:54:05,125,15,3,140
2025-07-03T16:24:46,125,15,3,140
2025-07-03T16:55:15,125,15,3,140
2025-07-03T17:26:01,125,15,3,140
2025-07-03T17:56:44,125,15,3,140
2025-07-03T18:27:57,125,15,3,140
2025-07-03T18:58:50,125,15,3,140
2025-07-03T19:29:24,125,15,3,140
2025-07-03T20:00:02,125,15,3,140
2025-07-03T20:30:46,125,15,3,140
2025-07-03T21:01:26,125,15,3,140
2025-07-03T21:31:51,125,15,3,140
2025-07-03T22:02:51,125,15,3,140
2025-07-03T22:33:36,125,15,3,140
2025-07-03T23:04:06,125,15,3,140
2025-07-03T23:34:34,125,15,3,140
2025-07-04T00:05:08,125,15,3,140
2025-07-04T00:35:44,125,15,3,140
2025-07-04T01:06:06,125,15,3,140
2025-07-04T01:37:00,125,15,3,140
2025-07-04T02:07:47,125,15,3,140
2025-07-04T02:38:44,125,15,3,140
2025-07-04T03:09:03,125,15,3,140
2025-07-04T03:40:21,125,15,3,140
2025-07-04T04:11:03,125,15,3,140
2025-07-04T04:44:11,125,15,3,140
2025-07-04T05:14:59,125,15,3,140
2025-07-04T05:45:48,125,15,3,140
2025-07-04T06:16:33,125,15,3,140
2025-07-04T06:47:25,125,15,3,140
2025-07-04T07:18:15,125,15,3,140
2025-07-04T07:48:54,125,15,3,140
2025-07-04T08:19:27,125,15,3,140
2025-07-04T08:50:15,125,15,3,140
2025-07-04T09:21:05,125,15,3,140
2025-07-04T09:51:53,125,15,3,140
2025-07-04T10:22:28,125,15,3,140
2025-07-04T10:52:50,125,15,3,140
2025-07-04T11:23:11,125,15,3,140
2025-07-04T11:53:34,125,15,3,140
2025-07-04T12:24:24,125,15,3,140
2025-07-04T12:55:30,125,15,3,140
2025-07-04T13:26:19,125,15,3,140
2025-07-04T13:57:01,125,15,3,140
2025-07-04T14:27:34,125,15,3,140
2025-07-04T14:57:45,125,15,3,140
2025-07-04T15:28:01,125,15,3,140
2025-07-04T15:58:26,125,15,3,140
2025-07-04T16:28:58,125,15,3,140
2025-07-04T16:59:27,125,15,3,140
2025-07-04T17:30:05,125,15,3,140
2025-07-04T18:00:32,125,15,3,140
2025-07-04T18:31:02,125,15,3,140
2025-07-04T19:01:47,125,15,3,140
2025-07-04T19:32:09,125,15,3,140
2025-07-04T20:02:36,125,15,3,140
2025-07-04T20:33:11,125,15,3,140
2025-07-04T21:04:01,125,15,3,140
2025-07-04T21:35:14,125,15,3,140
2025-07-04T22:05:59,125,15,3,140
2025-07-04T22:37:01,125,15,3,140
2025-07-04T23:07:30,125,15,3,140
2025-07-04T23:37:48,125,15,3,140
2025-07-05T00:08:24,125,15,3,140
2025-07-05T00:39:39,125,15,3,140
2025-07-05T01:10:31,125,15,3,140
2025-07-05T01:41:01,125,15,3,140
2025-07-05T02:11:45,125,15,3,140
2025-07-05T02:42:33,125,15,3,140
2025-07-05T03:12:56,125,15,3,140
2025-07-05T03:43:25,125,15,3,140
2025-07-05T18:36:30,126,14,3,140
2025-07-05T19:07:38,126,14,3,140
2025-07-05T19:38:49,126,14,3,140
2025-07-05T20:09:40,126,14,3,140
2025-07-05T20:40:18,126,14,3,140
2025-07-05T21:10:46,126,14,3,140
2025-07-05T21:41:12,126,14,3,140
2025-07-05T22:11:37,126,14,3,140
2025-07-05T22:42:19,126,14,3,140
2025-07-05T23:13:16,126,14,3,140
2025-07-05T23:43:44,126,14,3,140
2025-07-06T00:14:48,126,14,3,140
2025-07-06T00:46:25,126,14,3,140
2025-07-06T01:17:12,126,14,3,140
2025-07-06T01:47:43,126,14,3,140
2025-07-06T02:18:30,126,14,3,140
2025-07-06T02:49:37,126,14,3,140
2025-07-06T03:20:18,126,14,3,140
2025-07-06T03:51:08,126,14,3,140
2025-07-06T04:38:37,126,14,3,140
2025-07-06T05:09:03,126,14,3,140
2025-07-06T05:39:29,126,14,3,140
2025-07-06T06:09:48,126,14,3,140
2025-07-06T06:40:09,126,14,3,140
2025-07-06T07:10:55,126,14,3,140
2025-07-06T07:41:35,126,14,3,140
2025-07-06T08:12:32,126,14,3,140
2025-07-06T08:43:32,126,14,3,140
2025-07-06T09:14:15,126,14,3,140
2025-07-06T09:44:41,126,14,3,140
2025-07-06T10:15:25,126,14,3,140
2025-07-06T10:46:07,126,14,3,140
2025-07-06T11:16:43,126,14,3,140
2025-07-06T11:47:22,126,14,3,140
2025-07-06T12:17:43,126,14,3,140
2025-07-06T12:48:05,126,14,3,140
2025-07-06T13:18:52,126,14,3,140
2025-07-06T13:49:51,126,14,3,140
2025-07-06T14:20:26,126,14,3,140
2025-07-06T14:50:52,126,14,3,140
2025-07-06T15:21:40,126,14,3,140
2025-07-06T15:52:24,126,14,3,140
2025-07-06T16:23:32,126,14,3,140
2025-07-06T16:54:10,126,14,3,140
2025-07-06T17:25:16,126,14,3,140
2025-07-06T17:56:19,126,14,3,140
2025-07-06T18:27:33,126,14,3,140
2025-07-06T18:58:32,126,14,3,140
2025-07-06T19:29:00,126,14,3,140
2025-07-06T19:59:31,126,14,3,140
2025-07-06T20:30:17,126,14,3,140
2025-07-06T21:01:06,126,14,3,140
2025-07-06T21:32:20,127,13,3,140
2025-07-06T22:03:28,127,13,3,140
2025-07-06T22:34:03,127,13,3,140
2025-07-06T23:04:42,127,13,3,140
2025-07-06T23:35:13,127,13,3,140
2025-07-07T00:06:11,127,13,3,140
2025-07-07T00:37:02,127,13,3,140
2025-07-07T01:07:35,127,13,3,140
2025-07-07T01:38:08,127,13,3,140
2025-07-07T02:09:19,127,13,3,140
2025-07-07T02:40:37,127,13,3,140
2025-07-07T03:11:11,127,13,3,140
2025-07-07T03:41:59,127,13,3,140
2025-07-07T04:36:00,127,13,3,140
2025-07-07T05:06:35,127,13,3,140
2025-07-07T05:37:08,127,13,3,140
2025-07-07T06:07:32,127,13,3,140
2025-07-07T06:37:58,127,13,3,140
2025-07-07T07:08:32,127,13,3,140
2025-07-07T07:39:30,127,13,3,140
2025-07-07T08:10:15,127,13,3,140
2025-07-07T08:40:58,127,13,3,140
2025-07-07T09:11:54,127,13,3,140
2025-07-07T09:42:43,127,13,3,140
2025-07-07T10:13:20,127,13,3,140
2025-07-07T10:43:49,127,13,3,140
2025-07-07T11:15:15,127,13,3,140
2025-07-07T11:46:21,127,13,3,140
2025-07-07T12:17:09,127,13,3,140
2025-07-07T12:47:40,127,13,3,140
2025-07-07T13:18:49,127,13,3,140
2025-07-07T13:49:31,127,13,3,140
2025-07-07T14:20:09,127,13,3,140
2025-07-07T14:51:09,127,13,3,140
2025-07-07T15:21:35,127,13,3,140
2025-07-07T15:52:04,127,13,3,140
2025-07-07T16:22:28,127,13,3,140
2025-07-07T16:53:09,127,13,3,140
2025-07-07T17:24:12,127,13,3,140
2025-07-07T18:05:25,127,13,3,140
2025-07-07T18:35:51,127,13,3,140
2025-07-07T19:06:22,127,13,3,140
2025-07-07T19:36:44,127,13,3,140
2025-07-07T20:07:26,127,13,3,140
2025-07-07T20:37:42,127,13,3,140
2025-07-07T21:08:04,127,13,3,140
2025-07-07T21:38:25,127,13,3,140
2025-07-07T22:08:48,127,13,3,140
2025-07-07T22:39:15,127,13,3,140
2025-07-07T23:09:54,127,13,3,140
2025-07-07T23:40:56,127,13,3,140
2025-07-08T00:11:41,127,13,3,140
2025-07-08T00:42:27,127,13,3,140
2025-07-08T01:14:04,127,13,3,140
2025-07-08T01:44:29,127,13,3,140
2025-07-08T02:15:12,127,13,3,140
2025-07-08T02:46:06,127,13,3,140
2025-07-08T03:16:51,127,13,3,140
2025-07-08T03:47:21,127,13,3,140
2025-07-08T04:36:40,127,13,3,140
2025-07-08T05:09:20,127,13,3,140
2025-07-08T05:40:04,127,13,3,140
2025-07-08T06:10:54,127,13,3,140
2025-07-08T06:41:58,127,13,3,140
2025-07-08T07:12:49,127,13,3,140
2025-07-08T07:43:16,127,13,3,140
2025-07-08T08:14:26,127,13,3,140
2025-07-08T08:45:07,127,13,3,140
2025-07-08T09:15:44,127,13,3,140
2025-07-08T09:46:06,127,13,3,140
2025-07-08T10:17:19,127,13,3,140
2025-07-08T10:48:26,127,13,3,140
2025-07-08T11:19:39,127,13,3,140
2025-07-08T11:50:46,127,13,3,140
2025-07-08T12:21:00,127,13,3,140
2025-07-08T12:51:47,127,13,3,140
2025-07-08T13:22:46,127,13,3,140
2025-07-08T13:53:21,127,13,3,140
2025-07-08T14:24:01,127,13,3,140
2025-07-08T14:55:03,127,13,3,140
2025-07-08T15:26:07,127,13,3,140
2025-07-08T15:57:24,127,13,3,140
2025-07-08T16:28:12,127,13,3,140
2025-07-08T16:58:44,127,13,3,140
2025-07-08T17:29:10,127,13,3,140
2025-07-08T17:59:54,127,13,3,140
2025-07-08T18:30:02,127,13,3,140
2025-07-08T19:00:29,127,13,3,140
2025-07-08T19:30:55,127,13,3,140
2025-07-08T20:01:15,127,13,3,140
2025-07-08T20:32:23,127,13,3,140
2025-07-08T21:03:18,127,13,3,140
2025-07-08T21:33:41,127,13,3,140
2025-07-08T22:04:18,127,13,3,140
2025-07-08T22:34:58,127,13,3,140
2025-07-08T23:05:49,127,13,3,140
2025-07-08T23:36:21,127,13,3,140
2025-07-09T00:06:41,127,13,3,140
2025-07-09T00:37:13,127,13,3,140
2025-07-09T01:07:58,127,13,3,140
2025-07-09T01:38:41,127,13,3,140
2025-07-09T02:09:53,127,13,3,140
2025-07-09T02:40:58,127,13,3,140
2025-07-09T03:11:45,127,13,3,140
2025-07-09T03:42:16,127,13,3,140
2025-07-09T04:39:59,127,13,3,140
2025-07-09T05:10:13,127,13,3,140
2025-07-09T05:42:25,127,13,3,140
2025-07-09T06:13:17,127,13,3,140
2025-07-09T06:44:00,127,13,3,140
2025-07-09T07:14:41,127,13,3,140
2025-07-09T07:45:47,127,13,3,140
2025-07-09T08:16:40,127,13,3,140
2025-07-09T08:47:39,127,13,3,140
2025-07-09T09:18:29,127,13,3,140
2025-07-09T09:49:31,127,13,3,140
2025-07-09T10:20:50,127,13,3,140
2025-07-09T10:52:01,127,13,3,140
2025-07-09T11:22:53,127,13,3,140
2025-07-09T11:53:39,127,13,3,140
2025-07-09T12:24:20,127,13,3,140
2025-07-09T12:55:27,127,13,3,140
2025-07-09T13:26:23,127,13,3,140
2025-07-09T13:56:52,127,13,3,140
2025-07-09T14:27:49,127,13,3,140
2025-07-09T14:58:40,127,13,3,140
2025-07-09T15:30:01,127,13,3,140
2025-07-09T16:01:13,127,13,3,140
2025-07-09T16:32:05,127,13,3,140
2025-07-09T17:03:31,127,13,3,140
2025-07-09T17:34:14,127,13,3,140
2025-07-09T18:05:05,127,13,3,140
2025-07-09T18:35:56,127,13,3,140
2025-07-09T19:06:46,127,13,3,140
2025-07-09T19:38:21,127,13,3,140
2025-07-09T20:08:54,127,13,3,140
2025-07-09T20:39:59,127,13,3,140
2025-07-09T21:11:04,127,13,3,140
2025-07-09T21:42:09,127,13,3,140
2025-07-09T22:12:52,127,13,3,140
2025-07-09T22:43:29,127,13,3,140
2025-07-09T23:14:33,127,13,3,140
2025-07-09T23:45:45,127,13,3,140
2025-07-10T00:16:47,127,13,3,140
2025-07-10T00:47:49,127,13,3,140
2025-07-10T01:19:56,127,13,3,140
2025-07-10T01:51:16,127,13,3,140
2025-07-10T02:21:53,127,13,3,140
2025-07-10T02:52:30,127,13,3,140
2025-07-10T03:22:59,127,13,3,140
2025-07-10T03:53:45,127,13,3,140
2025-07-10T04:40:15,127,13,3,140
2025-07-10T05:10:45,127,13,3,140
2025-07-10T05:41:31,127,13,3,140
2025-07-10T06:12:09,127,13,3,140
2025-07-10T06:43:13,127,13,3,140
2025-07-10T07:14:03,127,13,3,140
2025-07-10T07:44:36,127,13,3,140
2025-07-10T08:15:06,127,13,3,140
2025-07-10T08:45:46,127,13,3,140
2025-07-10T09:16:18,127,13,3,140
2025-07-10T09:47:28,127,13,3,140
2025-07-10T10:18:27,127,13,3,140
2025-07-10T10:49:29,127,13,3,140
2025-07-10T11:20:49,127,13,3,140
2025-07-10T11:51:40,127,13,3,140
2025-07-10T12:22:14,127,13,3,140
2025-07-10T12:52:52,127,13,3,140
2025-07-10T13:23:17,127,13,3,140
2025-07-10T13:54:01,127,13,3,140
2025-07-10T14:24:42,127,13,3,140
2025-07-10T14:55:55,127,13,3,140
2025-07-10T15:26:53,127,13,3,140
2025-07-10T15:58:19,127,13,3,140
2025-07-10T16:29:08,127,13,3,140
2025-07-10T17:00:12,127,13,3,140
2025-07-10T17:31:03,127,13,3,140
2025-07-10T18:02:30,127,13,3,140
2025-07-10T18:33:12,127,13,3,140
2025-07-10T19:03:40,127,13,3,140
2025-07-10T19:34:23,127,13,3,140
2025-07-10T20:04:55,127,13,3,140
2025-07-10T20:35:37,127,13,3,140
2025-07-10T21:06:15,127,13,3,140
2025-07-10T21:36:56,127,13,3,140
2025-07-10T22:07:30,127,13,3,140
2025-07-10T22:38:22,127,13,3,140
2025-07-10T23:08:58,127,13,3,140
2025-07-10T23:39:43,127,13,3,140
2025-07-11T00:10:32,127,13,3,140
2025-07-11T00:41:17,127,13,3,140
2025-07-11T01:11:56,127,13,3,140
2025-07-11T01:43:03,127,13,3,140
2025-07-11T02:13:42,127,13,3,140
2025-07-11T02:44:38,127,13,3,140
2025-07-11T03:15:39,127,13,3,140
2025-07-11T03:46:20,127,13,3,140
2025-07-11T04:48:04,127,13,3,140
2025-07-11T05:18:34,127,13,3,140
2025-07-11T05:49:02,127,13,3,140
2025-07-11T06:19:55,127,13,3,140
2025-07-11T06:50:55,127,13,3,140
2025-07-11T07:21:28,127,13,3,140
2025-07-11T07:52:07,127,13,3,140
2025-07-11T08:22:39,127,13,3,140
2025-07-11T08:53:23,127,13,3,140
2025-07-11T09:24:33,127,13,3,140
2025-07-11T09:55:17,127,13,3,140
2025-07-11T10:26:16,127,13,3,140
2025-07-11T10:56:43,127,13,3,140
2025-07-11T11:27:51,127,13,3,140
2025-07-11T11:59:08,127,13,3,140
2025-07-11T12:29:59,127,13,3,140
2025-07-11T13:00:38,127,13,3,140
2025-07-11T13:31:05,127,13,3,140
2025-07-11T14:01:29,127,13,3,140
2025-07-11T14:31:57,127,13,3,140
2025-07-11T15:02:48,127,13,3,140
2025-07-11T15:33:55,127,13,3,140
2025-07-11T16:05:11,127,13,3,140
2025-07-11T16:35:48,127,13,3,140
2025-07-11T17:06:46,127,13,3,140
2025-07-11T17:37:36,127,13,3,140
2025-07-11T18:08:40,127,13,3,140
2025-07-11T18:39:41,127,13,3,140
2025-07-11T19:10:43,127,13,3,140
2025-07-11T19:41:25,127,13,3,140
2025-07-11T20:12:15,127,13,3,140
2025-07-11T20:42:56,127,13,3,140
2025-07-11T21:13:49,127,13,3,140
2025-07-11T21:44:22,127,13,3,140
2025-07-11T22:14:49,127,13,3,140
2025-07-11T22:45:18,127,13,3,140
2025-07-11T23:16:19,127,13,3,140
2025-07-11T23:47:00,127,13,3,140
2025-07-12T00:18:09,127,13,3,140
2025-07-12T00:49:15,127,13,3,140
2025-07-12T01:20:13,127,13,3,140
2025-07-12T01:51:02,127,13,3,140
2025-07-12T02:21:39,127,13,3,140
2025-07-12T02:52:49,127,13,3,140
2025-07-12T03:24:23,127,13,3,140
2025-07-12T03:55:36,127,13,3,140
2025-07-12T04:50:01,127,13,3,140
2025-07-12T05:20:33,127,13,3,140
2025-07-12T05:51:15,127,13,3,140
2025-07-12T06:21:42,127,13,3,140
2025-07-12T06:52:13,127,13,3,140
2025-07-12T07:22:36,127,13,3,140
2025-07-12T07:53:31,127,13,3,140
2025-07-12T08:24:12,127,13,3,140
2025-07-12T08:54:46,127,13,3,140
2025-07-12T09:25:29,127,13,3,140
2025-07-12T09:56:09,127,13,3,140
2025-07-12T10:27:05,127,13,3,140
2025-07-12T10:57:55,127,13,3,140
2025-07-12T11:28:36,127,13,3,140
2025-07-12T11:59:13,127,13,3,140
2025-07-12T12:30:10,127,13,3,140
2025-07-12T13:00:42,127,13,3,140
2025-07-12T13:32:03,127,13,3,140
2025-07-12T14:02:33,127,13,3,140
2025-07-12T14:33:01,127,13,3,140
2025-07-12T15:04:07,127,13,3,140
2025-07-12T15:35:14,127,13,3,140
2025-07-12T16:05:37,127,13,3,140
2025-07-12T16:36:10,127,13,3,140
2025-07-12T17:06:35,127,13,3,140
2025-07-12T17:37:26,127,13,3,140
2025-07-12T18:08:06,127,13,3,140
2025-07-12T18:38:52,127,13,3,140
2025-07-12T19:09:27,127,13,3,140
2025-07-12T19:39:50,127,13,3,140
2025-07-12T20:10:25,127,13,3,140
2025-07-12T20:41:23,127,13,3,140
2025-07-12T21:12:26,127,13,3,140
2025-07-12T21:43:12,127,13,3,140
2025-07-12T22:13:48,127,13,3,140
2025-07-12T22:44:42,127,13,3,140
2025-07-12T23:15:14,127,13,3,140
2025-07-12T23:45:54,127,13,3,140
2025-07-13T00:16:33,127,13,3,140
2025-07-13T00:48:11,127,13,3,140
2025-07-13T01:18:33,127,13,3,140
2025-07-13T01:49:12,127,13,3,140
2025-07-13T02:20:03,127,13,3,140
2025-07-13T02:50:38,127,13,3,140
2025-07-13T03:21:37,127,13,3,140
2025-07-13T03:52:06,127,13,3,140
2025-07-13T05:01:59,127,13,3,140
2025-07-13T05:32:32,127,13,3,140
2025-07-13T06:03:19,127,13,3,140
2025-07-13T06:34:00,127,13,3,140
2025-07-13T07:04:58,127,13,3,140
2025-07-13T07:35:51,127,13,3,140
2025-07-13T08:07:00,127,13,3,140
2025-07-13T08:37:35,127,13,3,140
2025-07-13T09:08:10,127,13,3,140
2025-07-13T09:38:40,127,13,3,140
2025-07-13T10:09:15,127,13,3,140
2025-07-13T10:39:57,127,13,3,140
2025-07-13T11:10:24,127,13,3,140
2025-07-13T11:41:34,127,13,3,140
2025-07-13T12:12:22,127,13,3,140
2025-07-13T12:43:15,127,13,3,140
2025-07-13T13:14:02,127,13,3,140
2025-07-13T13:44:58,127,13,3,140
2025-07-13T14:15:30,126,14,4,140
2025-07-13T14:46:23,127,13,3,140
2025-07-13T15:17:11,127,13,3,140
2025-07-13T15:48:04,127,13,3,140
2025-07-13T16:19:27,127,13,3,140
2025-07-13T16:50:30,127,13,3,140
2025-07-13T17:21:04,127,13,3,140
2025-07-13T17:51:20,127,13,3,140
2025-07-13T18:21:58,127,13,3,140
2025-07-13T18:52:59,127,13,3,140
2025-07-13T19:23:56,127,13,3,140
2025-07-13T19:54:41,127,13,3,140
2025-07-13T20:25:30,127,13,3,140
2025-07-13T20:56:10,127,13,3,140
2025-07-13T21:26:57,127,13,3,140
2025-07-13T21:57:39,127,13,3,140
2025-07-13T22:28:08,127,13,3,140
2025-07-13T22:58:44,127,13,3,140
2025-07-13T23:29:44,127,13,3,140
2025-07-14T00:00:27,127,13,3,140
2025-07-14T00:31:25,127,13,3,140
2025-07-14T01:02:42,127,13,3,140
2025-07-14T01:33:40,127,13,3,140
2025-07-14T02:04:33,127,13,3,140
2025-07-14T02:36:00,127,13,3,140
2025-07-14T03:07:14,127,13,3,140
2025-07-14T03:37:45,127,13,3,140
2025-07-14T04:08:18,127,13,3,140
2025-07-14T04:52:21,127,13,3,140
2025-07-14T05:23:10,127,13,3,140
2025-07-14T05:54:14,127,13,3,140
2025-07-14T06:25:05,127,13,3,140
2025-07-14T06:55:48,127,13,3,140
2025-07-14T07:26:26,127,13,3,140
2025-07-14T07:57:09,127,13,3,140
2025-07-14T08:27:53,127,13,3,140
2025-07-14T08:58:17,127,13,3,140
2025-07-14T09:29:19,127,13,3,140
2025-07-14T10:00:05,127,13,3,140
2025-07-14T10:30:32,127,13,3,140
2025-07-14T11:01:23,127,13,3,140
2025-07-14T11:31:56,127,13,3,140
2025-07-14T12:02:57,127,13,3,140
2025-07-14T12:33:44,127,13,3,140
2025-07-14T13:35:46,127,13,3,140
2025-07-14T14:06:41,127,13,3,140
2025-07-14T14:37:46,127,13,3,140
2025-07-14T15:08:24,127,13,3,140
2025-07-14T15:39:06,127,13,3,140
2025-07-14T16:09:47,127,13,2,140
2025-07-14T16:40:40,126,14,2,140
2025-07-14T17:11:46,126,14,2,140
2025-07-14T17:42:22,126,14,2,140
2025-07-14T18:12:48,126,14,2,140
2025-07-14T18:43:29,126,14,2,140
2025-07-14T19:14:07,126,14,2,140
2025-07-14T19:45:01,126,14,2,140
2025-07-14T20:16:02,126,14,2,140
2025-07-14T20:46:34,126,14,2,140
2025-07-14T21:17:46,126,14,2,140
2025-07-14T21:48:41,126,14,2,140
2025-07-14T22:19:30,126,14,2,140
2025-07-14T22:50:11,126,14,2,140
2025-07-14T23:20:52,126,14,2,140
2025-07-14T23:51:50,126,14,2,140
2025-07-15T00:22:25,126,14,2,140
2025-07-15T00:53:18,126,14,2,140
2025-07-15T01:24:28,126,14,2,140
2025-07-15T01:55:28,126,14,2,140
2025-07-15T02:26:24,126,14,2,140
2025-07-15T02:57:05,126,14,2,140
2025-07-15T03:28:32,126,14,2,140
2025-07-15T03:59:40,126,14,2,140
2025-07-15T04:43:15,126,14,2,140
2025-07-15T05:14:20,126,14,2,140
2025-07-15T05:45:00,126,14,2,140
2025-07-15T06:16:05,126,14,2,140
2025-07-15T06:47:07,126,14,2,140
2025-07-15T07:18:05,126,14,2,140
2025-07-15T07:49:08,126,14,2,140
2025-07-15T08:19:43,126,14,2,140
2025-07-15T08:50:28,126,14,2,140
2025-07-15T09:21:05,126,14,2,140
2025-07-15T09:51:53,126,14,2,140
2025-07-15T10:22:54,126,14,2,140
2025-07-15T10:54:08,126,14,2,140
2025-07-15T11:25:03,126,14,2,140
2025-07-15T11:55:52,126,14,2,140
2025-07-15T12:26:12,126,14,2,140
2025-07-15T12:56:46,126,14,2,140
2025-07-15T13:27:28,126,14,2,140
2025-07-15T13:58:13,126,14,2,140
2025-07-15T14:29:16,126,14,2,140
2025-07-15T15:00:28,126,14,2,140
2025-07-15T15:31:23,126,14,2,140
2025-07-15T16:02:11,126,14,2,140
2025-07-15T16:32:54,126,14,2,140
2025-07-15T17:03:30,126,14,2,140
2025-07-15T17:34:16,126,14,2,140
2025-07-15T19:40:08,126,14,2,140
2025-07-15T20:10:52,126,14,2,140
2025-07-15T20:41:42,126,14,2,140
2025-07-15T21:12:15,126,14,2,140
2025-07-15T21:43:03,126,14,2,140
2025-07-15T22:14:10,126,14,2,140
2025-07-15T22:44:55,126,14,2,140
2025-07-15T23:15:51,126,14,2,140
2025-07-15T23:46:38,126,14,2,140
2025-07-16T00:17:48,126,14,2,140
2025-07-16T00:48:50,126,14,2,140
2025-07-16T01:19:27,126,14,2,140
2025-07-16T01:50:16,126,14,2,140
2025-07-16T02:21:26,126,14,2,140
2025-07-16T02:52:31,126,14,2,140
2025-07-16T03:23:14,126,14,2,140
2025-07-16T03:54:09,126,14,2,140
2025-07-16T04:35:33,126,14,2,140
2025-07-16T05:06:17,126,14,2,140
2025-07-16T05:37:10,126,14,2,140
2025-07-16T06:08:05,126,14,2,140
2025-07-16T06:38:57,126,14,2,140
2025-07-16T07:09:43,126,14,2,140
2025-07-16T07:40:42,126,14,2,140
2025-07-16T08:11:28,126,14,2,140
2025-07-16T08:42:32,126,14,2,140
2025-07-16T09:13:21,126,14,2,140
2025-07-16T09:44:24,126,14,2,140
2025-07-16T10:15:35,126,14,2,140
2025-07-16T10:46:26,126,14,2,140
2025-07-16T11:17:10,126,14,2,140
2025-07-16T11:47:55,126,14,2,140
2025-07-16T12:19:08,126,14,2,140
2025-07-16T12:49:56,126,14,2,140
2025-07-16T13:20:26,126,14,2,140
2025-07-16T13:51:28,126,14,2,140
2025-07-16T14:22:52,126,14,2,140
2025-07-16T14:53:35,126,14,2,140
2025-07-16T15:24:39,126,14,2,140
2025-07-16T15:55:52,126,14,2,140
2025-07-16T16:26:47,126,14,2,140
2025-07-16T16:57:52,126,14,2,140
2025-07-16T17:28:42,126,14,2,140
2025-07-16T17:59:42,126,14,2,140
2025-07-16T18:30:38,126,14,2,140
2025-07-16T19:01:53,126,14,2,140
2025-07-16T19:32:31,126,14,2,140
2025-07-16T20:03:46,126,14,2,140
2025-07-16T20:34:34,126,14,2,140
2025-07-16T21:05:37,126,14,2,140
2025-07-16T21:36:32,126,14,2,140
2025-07-16T22:07:05,127,13,2,140
2025-07-16T22:38:11,127,13,2,140
2025-07-16T23:09:03,127,13,2,140
2025-07-16T23:39:46,127,13,2,140
2025-07-17T00:10:37,127,13,2,140
2025-07-17T00:41:58,127,13,2,140
2025-07-17T01:13:09,127,13,2,140
2025-07-17T01:43:47,127,13,2,140
2025-07-17T02:14:54,127,13,2,140
2025-07-17T02:46:00,127,13,2,140
2025-07-17T03:17:36,127,13,2,140
2025-07-17T03:48:14,127,13,2,140
2025-07-17T04:41:04,127,13,2,140
2025-07-17T05:12:07,127,13,2,140
2025-07-17T05:43:12,127,13,2,140
2025-07-17T06:14:32,127,13,2,140
2025-07-17T06:45:16,127,13,2,140
2025-07-17T07:16:15,127,13,2,140
2025-07-17T07:47:11,127,13,2,140
2025-07-17T08:18:04,127,13,2,140
2025-07-17T08:48:59,127,13,2,140
2025-07-17T09:19:54,127,13,2,140
2025-07-17T09:50:43,127,13,2,140
2025-07-17T10:21:33,127,13,2,140
2025-07-17T10:52:27,127,13,2,140
2025-07-17T11:23:17,127,13,2,140
2025-07-17T11:54:04,127,13,2,140
2025-07-17T12:24:53,127,13,2,140
2025-07-17T12:56:00,127,13,2,140
2025-07-17T13:27:34,127,13,2,140
2025-07-17T13:58:51,127,13,2,140
2025-07-17T14:30:08,127,13,2,140
2025-07-17T15:01:02,127,13,2,140
2025-07-17T15:31:50,127,13,2,140
2025-07-17T16:02:52,127,13,2,140
2025-07-17T16:33:50,127,13,2,140
2025-07-17T17:04:54,127,13,2,140
2025-07-17T17:35:39,127,13,2,140
2025-07-17T18:06:16,127,13,2,140
2025-07-17T18:36:58,127,13,2,140
2025-07-17T19:07:57,127,13,2,140
2025-07-17T19:38:35,127,13,2,140
2025-07-17T20:09:24,127,13,2,140
2025-07-17T20:40:02,127,13,2,140
2025-07-17T21:10:48,127,13,2,140
2025-07-17T21:41:26,127,13,2,140
2025-07-17T22:12:31,127,13,2,140
2025-07-17T22:43:59,127,13,2,140
2025-07-17T23:14:54,127,13,2,140
2025-07-17T23:45:53,127,13,2,140
2025-07-18T00:17:09,127,13,2,140
2025-07-18T00:48:12,127,13,2,140
2025-07-18T01:19:11,127,13,2,140
2025-07-18T01:49:59,127,13,2,140
2025-07-18T02:20:33,127,13,2,140
2025-07-18T02:51:34,127,13,2,140
2025-07-18T03:22:44,127,13,2,140
2025-07-18T03:53:16,127,13,2,140
2025-07-18T04:42:17,127,13,2,140
2025-07-18T05:13:06,127,13,2,140
2025-07-18T05:43:46,127,13,2,140
2025-07-18T06:14:53,127,13,2,140
2025-07-18T06:45:54,127,13,2,140
2025-07-18T07:16:45,127,13,2,140
2025-07-18T07:47:44,127,13,2,140
2025-07-18T08:18:43,127,13,2,140
2025-07-18T08:50:11,127,13,2,140
2025-07-18T09:21:09,127,13,2,140
2025-07-18T09:52:08,127,13,2,140
2025-07-18T10:22:51,127,13,2,140
2025-07-18T10:53:30,127,13,2,140
2025-07-18T11:24:15,127,13,2,140
2025-07-18T11:54:56,127,13,2,140
2025-07-18T12:26:04,127,13,2,140
2025-07-18T12:57:02,127,13,2,140
2025-07-18T13:27:35,127,13,2,140
2025-07-18T13:58:29,127,13,2,140
2025-07-18T14:30:03,127,13,2,140
2025-07-18T15:00:47,127,13,2,140
2025-07-18T15:31:11,127,13,2,140
2025-07-18T16:02:26,127,13,2,140
2025-07-18T16:33:48,127,13,2,140
2025-07-18T17:05:06,127,13,2,140
2025-07-18T17:35:47,127,13,2,140
2025-07-18T18:06:44,127,13,2,140
2025-07-18T18:37:32,127,13,2,140
2025-07-18T19:08:09,127,13,2,140
2025-07-18T19:38:58,127,13,2,140
2025-07-18T20:09:46,127,13,2,140
2025-07-18T20:40:54,127,13,2,140
2025-07-18T21:11:38,127,13,2,140
2025-07-18T21:42:44,127,13,2,140
2025-07-18T22:14:01,127,13,2,140
2025-07-18T22:45:02,127,13,2,140
2025-07-18T23:16:28,127,13,2,140
2025-07-18T23:47:27,127,13,2,140
2025-07-19T00:18:30,127,13,2,140
2025-07-19T00:49:10,127,13,2,140
2025-07-19T01:19:52,127,13,2,140
2025-07-19T01:50:55,127,13,2,140
2025-07-19T02:21:50,127,13,2,140
2025-07-19T02:52:46,127,13,2,140
2025-07-19T03:23:37,127,13,3,140
2025-07-19T03:54:18,127,13,3,140
2025-07-19T04:44:55,127,13,3,140
2025-07-19T05:15:56,127,13,3,140
2025-07-19T05:47:01,127,13,3,140
2025-07-19T06:18:02,127,13,3,140
2025-07-19T06:49:16,127,13,3,140
2025-07-19T07:20:19,127,13,3,140
2025-07-19T07:51:10,127,13,3,140
2025-07-19T08:22:01,127,13,3,140
2025-07-19T08:53:00,127,13,3,140
2025-07-19T09:23:48,127,13,3,140
2025-07-19T09:54:43,127,13,3,140
2025-07-19T10:25:26,127,13,3,140
2025-07-19T10:56:16,127,13,3,140
2025-07-19T11:26:55,127,13,3,140
2025-07-19T11:57:57,127,13,3,140
2025-07-19T12:28:54,127,13,3,140
2025-07-19T13:00:12,127,13,3,140
2025-07-19T13:31:00,127,13,3,140
2025-07-19T14:01:34,129,11,3,140
2025-07-19T14:32:15,129,11,3,140
2025-07-19T15:03:17,129,11,3,140
2025-07-19T15:33:59,129,11,3,140
2025-07-19T16:04:33,129,11,3,140
2025-07-19T16:35:37,129,11,3,140
2025-07-19T17:06:28,129,11,3,140
2025-07-19T17:37:12,129,11,3,140
2025-07-19T18:07:54,129,11,3,140
2025-07-19T18:38:46,129,11,3,140
2025-07-19T19:10:06,129,11,3,140
2025-07-19T19:41:04,129,11,3,140
2025-07-19T20:11:53,129,11,3,140
2025-07-19T20:42:58,129,11,3,140
2025-07-19T21:13:51,129,11,3,140
2025-07-19T21:44:57,129,11,3,140
2025-07-19T22:15:43,129,11,3,140
2025-07-19T22:46:21,129,11,3,140
2025-07-19T23:17:10,129,11,3,140
2025-07-19T23:48:03,129,11,3,140
2025-07-20T00:19:15,129,11,3,140
2025-07-20T01:07:47,129,11,3,140
2025-07-20T01:38:48,129,11,3,140
2025-07-20T02:10:21,129,11,3,140
2025-07-20T02:41:29,129,11,3,140
2025-07-20T03:12:39,129,11,3,140
2025-07-20T03:43:34,129,11,3,140
2025-07-20T04:14:34,129,11,3,140
2025-07-24T15:37:44,129,11,3,140
2025-07-24T16:08:54,129,11,3,140
2025-07-24T16:40:15,129,11,3,140
2025-07-24T17:11:04,129,11,3,140
2025-07-24T17:42:22,129,11,3,140
2025-07-24T18:13:41,129,11,3,140
2025-07-24T18:45:05,129,11,3,140
2025-07-24T19:16:15,129,11,3,140
2025-07-24T19:47:40,129,11,3,140
2025-07-24T20:18:51,129,11,3,140
2025-07-24T20:49:43,129,11,3,140
2025-07-24T21:20:53,129,11,3,140
2025-07-24T21:51:48,129,11,3,140
2025-07-24T22:22:45,129,11,3,140
2025-07-24T22:54:05,129,11,3,140
2025-07-24T23:25:08,129,11,3,140
2025-07-24T23:56:30,129,11,3,140
2025-07-25T00:28:05,129,11,3,140
2025-07-25T00:59:29,129,11,3,140
2025-07-25T01:30:38,129,11,3,140
2025-07-25T02:01:47,129,11,3,140
2025-07-25T02:33:00,129,11,3,140
2025-07-25T03:03:57,129,11,3,140
2025-07-25T03:35:02,129,11,3,140
2025-07-25T04:05:47,129,11,3,140
2025-07-25T04:39:49,129,11,3,140
2025-07-25T05:13:44,129,11,3,140
2025-07-25T05:44:38,129,11,3,140
2025-07-25T06:15:59,129,11,3,140
2025-07-27T23:50:46,129,11,3,140
2025-07-28T00:22:03,129,11,3,140
2025-07-28T00:53:21,129,11,3,140
2025-07-28T01:24:26,129,11,3,140
2025-07-28T01:55:28,129,11,3,140
2025-07-28T02:26:33,129,11,3,140
2025-07-28T02:57:37,129,11,3,140
2025-07-28T03:28:45,129,11,3,140
2025-07-28T03:59:47,129,11,3,140
2025-07-28T04:44:55,129,11,3,140
2025-07-28T05:16:04,129,11,3,140
2025-07-28T05:46:48,129,11,3,140
2025-07-28T06:18:09,129,11,3,140
2025-07-28T06:48:59,129,11,3,140
2025-07-28T07:20:03,129,11,3,140
2025-07-28T07:51:09,129,11,3,140
2025-07-28T08:22:38,129,11,3,140
2025-07-28T08:53:56,129,11,3,140
2025-07-28T09:25:15,129,11,3,140
2025-07-28T09:55:52,129,11,3,140
2025-07-28T10:27:07,129,11,3,140
2025-07-28T10:58:25,129,11,3,140
2025-07-28T11:29:28,129,11,3,140
2025-07-28T12:00:17,129,11,3,140
2025-07-28T12:31:15,129,11,3,140
2025-07-28T13:02:45,129,11,3,140
2025-07-28T13:34:15,129,11,3,140
2025-07-28T14:05:37,129,11,3,140
2025-07-28T14:36:31,129,11,3,140
2025-07-28T15:08:16,129,11,3,140
2025-07-28T15:39:03,129,11,3,140
2025-07-28T16:10:41,129,11,3,140
2025-07-28T16:41:37,129,11,3,140
2025-07-28T17:12:53,129,11,3,140
2025-07-28T17:44:07,129,11,3,140
2025-07-28T18:15:20,129,11,3,140
2025-07-28T18:46:04,129,11,3,140
2025-07-28T19:17:18,129,11,3,140
2025-07-28T19:48:48,129,11,3,140
2025-07-28T20:20:33,129,11,3,140
2025-07-28T20:51:33,129,11,3,140
2025-07-28T21:22:36,129,11,3,140
2025-07-28T21:53:49,129,11,3,140
2025-07-28T22:24:44,129,11,3,140
2025-07-28T22:56:34,129,11,3,140
2025-07-28T23:28:05,129,11,3,140
2025-07-28T23:59:33,129,11,3,140
2025-07-29T00:30:49,129,11,3,140
2025-07-29T01:01:39,129,11,3,140
2025-07-29T01:32:42,129,11,3,140
2025-07-29T02:03:43,129,11,3,140
2025-07-29T02:34:34,130,10,3,140
2025-07-29T03:05:46,130,10,3,140
2025-07-29T03:37:04,130,10,3,140
2025-07-29T04:10:37,130,10,3,140
2025-07-29T04:43:46,130,10,3,140
2025-07-29T05:14:53,130,10,3,140
2025-07-29T05:46:17,130,10,3,140
2025-07-29T06:17:19,130,10,3,140
2025-07-29T06:48:30,130,10,3,140
2025-07-29T07:19:35,130,10,3,140
2025-07-29T07:50:24,130,10,3,140
2025-07-29T08:21:45,130,10,3,140
2025-07-29T08:53:06,130,10,3,140
2025-07-29T09:24:07,130,10,3,140
2025-07-29T09:55:00,130,10,3,140
2025-07-29T10:26:35,130,10,3,140
2025-07-29T10:58:12,130,10,3,140
2025-07-29T11:29:16,130,10,3,140
2025-07-29T12:00:13,128,12,3,140
2025-07-29T12:31:43,128,12,3,140
2025-07-29T13:02:58,128,12,3,140
2025-07-29T13:34:03,128,12,3,140
2025-07-29T14:05:11,128,12,3,140
2025-07-29T14:36:57,128,12,3,140
2025-07-29T15:08:21,129,11,3,140
2025-07-29T15:39:21,129,11,3,140
2025-07-29T16:10:23,129,11,3,140
2025-07-29T16:41:45,129,11,3,140
2025-07-29T17:13:09,129,11,3,140
2025-07-29T17:43:59,129,11,3,140
2025-07-29T18:15:20,129,11,3,140
2025-07-29T18:46:57,129,11,3,140
2025-07-29T19:18:06,129,11,3,140
2025-07-29T19:49:19,129,11,3,140
2025-07-29T20:20:54,129,11,3,140
2025-07-29T20:52:24,129,11,3,140
2025-07-29T21:23:05,129,11,3,140
2025-07-29T21:54:11,129,11,3,140
2025-07-29T22:25:30,129,11,3,140
2025-07-29T22:56:44,131,9,1,140
2025-07-29T23:27:40,131,9,1,140
2025-07-29T23:59:11,132,8,1,140
2025-07-30T00:30:42,132,8,1,140
2025-07-30T01:01:52,133,7,1,140
2025-07-30T01:33:21,133,7,1,140
2025-07-30T02:04:31,133,7,1,140
2025-07-30T02:36:11,133,7,1,140
2025-07-30T03:07:30,133,7,1,140
2025-07-30T03:38:43,133,7,1,140
2025-07-30T04:36:17,133,7,1,140
2025-07-30T05:07:47,133,7,1,140
2025-07-30T05:38:39,133,7,1,140
2025-07-30T06:10:12,133,7,1,140
2025-07-30T06:41:07,133,7,1,140
2025-07-30T07:12:24,133,7,1,140
2025-07-30T07:43:09,133,7,1,140
2025-07-30T08:14:25,133,7,1,140
2025-07-30T08:45:39,133,7,1,140
2025-07-30T09:16:39,133,7,1,140
2025-07-30T09:47:43,133,7,1,140
2025-07-30T10:18:58,133,7,1,140
2025-07-30T10:50:27,133,7,1,140
2025-07-30T11:21:46,133,7,1,140
2025-07-30T11:52:51,133,7,1,140
2025-07-30T12:23:45,133,7,1,140
2025-07-30T12:54:59,133,7,1,140
2025-07-30T13:25:58,133,7,1,140
2025-07-30T13:57:17,133,7,1,140
2025-07-30T14:28:02,133,7,1,140
2025-07-30T14:59:30,133,7,1,140
2025-07-30T15:31:14,133,7,1,140
2025-07-30T16:02:24,133,7,1,140
2025-07-30T16:33:22,133,7,1,140
2025-07-30T17:05:07,133,7,1,140
2025-07-30T17:36:18,133,7,1,140
2025-07-30T18:07:18,133,7,1,140
2025-07-30T18:38:30,133,7,1,140
2025-07-30T19:10:13,133,7,1,140
2025-07-30T19:41:28,133,7,1,140
2025-07-30T20:12:26,133,7,1,140
2025-07-30T20:43:40,133,7,1,140
2025-07-30T21:15:18,133,7,1,140
2025-07-30T21:46:10,133,7,1,140
2025-07-30T22:17:36,133,7,1,140
2025-07-30T22:49:06,133,7,1,140
2025-07-30T23:20:08,133,7,1,140
2025-07-30T23:51:30,133,7,1,140
2025-07-31T00:22:34,133,7,1,140
2025-07-31T00:53:53,133,7,1,140
2025-07-31T01:25:15,133,7,1,140
2025-07-31T01:56:30,133,7,1,140
2025-07-31T02:27:44,133,7,1,140
2025-07-31T02:58:37,133,7,1,140
2025-07-31T03:29:43,133,7,1,140
2025-07-31T04:01:04,133,7,1,140
2025-07-31T04:44:05,133,7,1,140
2025-07-31T05:15:12,133,7,1,140
2025-07-31T05:46:15,133,7,1,140
2025-07-31T06:17:39,133,7,1,140
2025-07-31T06:48:28,133,7,1,140
2025-07-31T07:19:29,133,7,1,140
2025-07-31T07:50:31,133,7,1,140
2025-07-31T08:22:02,133,7,1,140
2025-07-31T08:53:15,133,7,1,140
2025-07-31T09:24:45,133,7,1,140
2025-07-31T09:55:29,133,7,1,140
2025-07-31T10:26:45,133,7,1,140
2025-07-31T10:58:04,133,7,1,140
2025-07-31T11:29:47,133,7,1,140
2025-07-31T12:01:00,133,7,1,140
2025-07-31T12:32:22,133,7,1,140
2025-07-31T13:03:27,133,7,1,140
2025-07-31T13:34:28,133,7,1,140
2025-07-31T14:06:12,133,7,1,140
2025-07-31T14:37:30,133,7,1,140
2025-07-31T15:08:36,133,7,1,140
2025-07-31T15:39:43,133,7,1,140
2025-07-31T16:10:44,133,7,1,140
2025-07-31T16:42:11,133,7,1,140
2025-07-31T17:13:28,133,7,1,140
2025-07-31T17:44:39,133,7,1,140
2025-07-31T18:16:10,133,7,1,140
2025-07-31T18:47:05,133,7,1,140
2025-07-31T19:18:02,133,7,1,140
2025-07-31T19:49:24,133,7,1,140
2025-07-31T20:21:00,133,7,1,140
2025-07-31T20:52:14,133,7,1,140
2025-07-31T21:23:34,133,7,1,140
2025-07-31T21:54:30,133,7,1,140
2025-07-31T22:25:37,134,6,0,140
2025-07-31T22:56:41,134,6,0,140
2025-07-31T23:27:48,134,6,0,140
2025-07-31T23:59:02,133,7,0,140
2025-08-01T00:30:41,133,7,0,140
2025-08-01T01:01:50,133,7,0,140
2025-08-01T01:33:08,133,7,0,140
2025-08-01T02:04:28,133,7,0,140
2025-08-01T02:35:28,133,7,0,140
2025-08-01T03:07:09,133,7,0,140
2025-08-01T03:38:21,133,7,0,140
2025-08-01T04:09:56,133,7,0,140
2025-08-01T04:43:40,133,7,0,140
2025-08-01T05:15:17,133,7,0,140
2025-08-01T05:46:27,133,7,0,140
2025-08-01T06:18:16,133,7,0,140
2025-08-01T06:49:49,133,7,0,140
2025-08-01T07:21:19,133,7,0,140
2025-08-01T07:52:55,133,7,0,140
2025-08-01T08:23:52,133,7,0,140
2025-08-01T08:54:58,133,7,0,140
2025-08-01T09:26:09,133,7,0,140
2025-08-01T09:57:19,133,7,0,140
2025-08-01T10:28:49,133,7,0,140
2025-08-01T11:00:37,133,7,0,140
2025-08-01T11:32:08,133,7,0,140
2025-08-01T12:03:45,133,7,0,140
2025-08-01T12:35:24,133,7,0,140
2025-08-01T13:06:43,133,7,0,140
2025-08-01T13:38:10,133,7,0,140
2025-08-01T14:09:48,133,7,0,140
2025-08-01T14:41:18,133,7,0,140
2025-08-01T15:12:31,133,7,0,140
2025-08-01T15:44:16,133,7,0,140
2025-08-01T16:15:12,133,7,0,140
2025-08-01T16:46:13,133,7,0,140
2025-08-01T17:17:21,133,7,0,140
2025-08-01T17:48:56,133,7,0,140
2025-08-01T18:20:01,133,7,0,140
2025-08-01T18:51:37,133,7,0,140
2025-08-01T19:23:19,132,8,0,140
2025-08-01T19:54:43,132,8,0,140
2025-08-01T20:25:50,132,8,0,140
2025-08-01T20:57:04,132,8,0,140
2025-08-01T21:28:07,132,8,0,140
2025-08-01T21:59:45,132,8,0,140
2025-08-01T22:30:35,132,8,0,140
2025-08-01T23:01:21,132,8,0,140
2025-08-01T23:32:20,132,8,0,140
2025-08-02T00:03:13,132,8,0,140
2025-08-02T00:34:33,132,8,0,140
2025-08-02T01:05:52,132,8,0,140
2025-08-02T01:37:01,132,8,0,140
2025-08-02T02:08:37,132,8,0,140
2025-08-02T02:39:44,132,8,0,140
2025-08-02T03:11:39,132,8,0,140
2025-08-02T03:43:21,132,8,0,140
2025-08-02T04:41:15,132,8,0,140
2025-08-02T05:12:53,132,8,0,140
2025-08-02T05:44:38,132,8,0,140
2025-08-02T06:15:27,132,8,0,140
2025-08-02T06:46:12,132,8,0,140
2025-08-02T07:17:15,132,8,0,140
2025-08-02T07:48:12,132,8,0,140
2025-08-02T08:19:36,132,8,0,140
2025-08-02T08:50:40,132,8,0,140
2025-08-02T09:21:49,132,8,0,140
2025-08-02T09:53:06,132,8,0,140
2025-08-02T10:24:12,132,8,0,140
2025-08-02T10:55:49,132,8,0,140
2025-08-02T11:26:48,132,8,0,140
2025-08-02T11:57:45,132,8,0,140
2025-08-02T12:29:09,132,8,0,140
2025-08-02T13:00:38,132,8,0,140
2025-08-02T13:31:45,132,8,0,140
2025-08-02T14:03:02,132,8,0,140
2025-08-02T14:34:10,132,8,0,140
2025-08-02T15:05:11,132,8,0,140
2025-08-02T15:36:01,132,8,0,140
2025-08-02T16:07:04,132,8,0,140
2025-08-02T16:38:53,132,8,0,140
2025-08-02T17:09:56,132,8,0,140
2025-08-02T17:40:57,132,8,0,140
2025-08-02T18:12:06,132,8,0,140
2025-08-02T18:43:41,132,8,0,140
2025-08-02T19:14:39,132,8,0,140
2025-08-02T19:46:08,132,8,0,140
2025-08-02T20:16:59,132,8,0,140
2025-08-02T20:48:24,132,8,0,140
2025-08-02T21:19:18,132,8,0,140
2025-08-02T21:50:33,132,8,0,140
2025-08-02T22:21:59,132,8,0,140
2025-08-02T22:53:20,132,8,0,140
2025-08-02T23:24:33,132,8,0,140
2025-08-02T23:55:45,132,8,0,140
2025-08-03T00:27:23,132,8,0,140
2025-08-03T00:59:42,133,7,0,140
2025-08-03T01:31:36,133,7,0,140
2025-08-03T02:03:23,133,7,0,140
2025-08-03T02:34:32,133,7,0,140
2025-08-03T03:06:10,133,7,0,140
2025-08-03T03:37:27,133,7,0,140
2025-08-03T04:08:27,133,7,0,140
2025-08-03T04:38:56,133,7,0,140
2025-08-03T05:09:50,133,7,0,140
2025-08-03T05:41:05,133,7,0,140
2025-08-03T06:12:19,133,7,0,140
2025-08-03T06:43:38,133,7,0,140
2025-08-03T07:15:30,133,7,0,140
2025-08-03T07:46:32,133,7,0,140
2025-08-03T08:17:46,133,7,0,140
2025-08-03T08:48:55,133,7,0,140
2025-08-03T09:20:06,133,7,0,140
2025-08-03T09:51:12,133,7,0,140
2025-08-03T10:22:11,133,7,0,140
2025-08-03T10:53:23,133,7,0,140
2025-08-03T11:24:35,133,7,0,140
2025-08-03T11:55:34,133,7,0,140
2025-08-03T12:26:45,133,7,0,140
2025-08-03T12:57:34,133,7,0,140
2025-08-03T13:29:02,133,7,0,140
2025-08-03T14:00:10,133,7,0,140
2025-08-03T14:31:04,133,7,0,140
2025-08-03T15:01:58,133,7,0,140
2025-08-03T15:33:00,133,7,0,140
2025-08-03T16:04:04,133,7,0,140
2025-08-03T16:35:15,133,7,0,140
2025-08-03T17:06:30,133,7,0,140
2025-08-03T17:37:27,133,7,0,140
2025-08-03T18:08:55,133,7,0,140
2025-08-03T18:40:01,133,7,0,140
2025-08-03T19:10:47,133,7,0,140
2025-08-03T19:41:33,133,7,0,140
2025-08-03T20:12:34,133,7,0,140
2025-08-03T20:43:46,133,7,0,140
2025-08-03T21:15:11,133,7,0,140
2025-08-03T21:46:14,133,7,0,140
2025-08-03T22:17:36,133,7,0,140
2025-08-03T22:48:45,133,7,0,140
2025-08-03T23:19:45,133,7,0,140
2025-08-03T23:51:08,133,7,0,140
2025-08-04T00:22:32,133,7,0,140
2025-08-04T00:53:28,133,7,0,140
2025-08-04T01:24:39,133,7,0,140
2025-08-04T01:55:57,133,7,0,140
2025-08-04T02:27:10,133,7,0,140
2025-08-04T02:58:42,133,7,0,140
2025-08-04T03:29:45,133,7,0,140
2025-08-04T04:01:49,133,7,0,140
2025-08-04T04:39:54,133,7,0,140
2025-08-04T05:11:19,133,7,0,140
2025-08-04T05:42:40,133,7,0,140
2025-08-04T06:14:02,133,7,0,140
2025-08-04T06:45:10,133,7,0,140
2025-08-04T07:15:58,133,7,0,140
2025-08-04T07:46:52,133,7,0,140
2025-08-04T08:17:45,133,7,0,140
2025-08-04T08:48:36,133,7,0,140
2025-08-04T09:19:56,133,7,0,140
2025-08-04T09:51:19,133,7,0,140
2025-08-04T10:22:32,133,7,0,140
2025-08-04T10:53:42,133,7,0,140
2025-08-04T11:24:58,133,7,0,140
2025-08-04T11:56:19,133,7,0,140
2025-08-04T12:27:50,133,7,0,140
2025-08-04T12:59:18,133,7,0,140
2025-08-04T13:30:35,133,7,0,140
2025-08-04T14:01:51,133,7,0,140
2025-08-04T14:33:12,133,7,0,140
2025-08-04T15:04:41,133,7,0,140
2025-08-04T15:35:48,133,7,0,140
2025-08-04T16:07:18,133,7,0,140
2025-08-04T16:38:51,133,7,0,140
2025-08-04T17:10:38,133,7,0,140
2025-08-04T17:41:37,133,7,0,140
2025-08-04T18:12:48,133,7,0,140
2025-08-04T18:43:45,133,7,0,140
2025-08-04T19:14:58,133,7,0,140
2025-08-04T19:46:15,133,7,0,140
2025-08-04T20:17:31,133,7,0,140
2025-08-04T20:48:34,133,7,0,140
2025-08-04T21:19:47,133,7,0,140
2025-08-04T21:50:51,132,8,0,140
2025-08-04T22:22:20,132,8,0,140
2025-08-04T22:53:28,132,8,0,140
2025-08-04T23:24:52,132,8,0,140
2025-08-04T23:56:08,132,8,0,140
2025-08-05T00:27:23,132,8,0,140
2025-08-05T00:58:24,132,8,0,140
2025-08-05T01:29:30,132,8,0,140
2025-08-05T02:01:16,132,8,0,140
2025-08-05T02:32:28,132,8,0,140
2025-08-05T03:03:36,132,8,0,140
2025-08-05T03:35:01,132,8,0,140
2025-08-05T04:06:31,132,8,0,140
2025-08-05T04:38:06,132,8,0,140
2025-08-05T05:09:47,132,8,0,140
2025-08-05T05:41:21,132,8,0,140
2025-08-05T06:12:29,132,8,0,140
2025-08-05T06:43:39,132,8,0,140
2025-08-05T07:14:29,132,8,0,140
2025-08-05T07:46:10,132,8,0,140
2025-08-05T08:17:23,131,9,0,140
2025-08-05T08:48:33,131,9,0,140
2025-08-05T09:19:49,131,9,0,140
2025-08-05T09:50:49,131,9,0,140
2025-08-05T10:22:05,131,9,0,140
2025-08-05T10:53:53,131,9,0,140
2025-08-05T11:25:47,131,9,0,140
2025-08-05T11:57:25,131,9,0,140
2025-08-05T12:29:02,131,9,0,140
2025-08-05T13:00:04,131,9,0,140
2025-08-05T13:31:32,131,9,0,140
2025-08-05T14:02:47,131,9,0,140
2025-08-05T14:34:03,131,9,0,140
2025-08-05T15:05:22,132,8,0,140
2025-08-05T15:36:49,132,8,0,140
2025-08-05T16:08:09,132,8,0,140
2025-08-05T16:39:20,132,8,0,140
2025-08-05T17:10:23,132,8,0,140
2025-08-05T17:41:54,132,8,0,140
2025-08-05T18:13:21,132,8,0,140
2025-08-05T18:44:26,132,8,0,140
2025-08-05T19:15:40,132,8,0,140
2025-08-05T19:46:58,132,8,0,140
2025-08-05T20:18:26,132,8,0,140
2025-08-05T20:49:59,132,8,0,140
2025-08-05T21:21:24,132,8,0,140
2025-08-05T21:52:45,132,8,0,140
2025-08-05T22:23:58,132,8,0,140
2025-08-05T22:55:34,132,8,0,140
2025-08-05T23:26:44,132,8,0,140
2025-08-05T23:58:05,132,8,0,140
2025-08-06T00:29:35,132,8,0,140
2025-08-06T01:01:09,132,8,0,140
2025-08-06T01:32:27,132,8,0,140
2025-08-06T02:04:21,132,8,0,140
2025-08-06T02:35:32,132,8,0,140
2025-08-06T03:06:57,132,8,0,140
2025-08-06T03:38:19,132,8,0,140
2025-08-06T04:09:51,132,8,0,140
2025-08-06T04:43:48,132,8,0,140
2025-08-06T05:14:57,132,8,0,140
2025-08-06T05:48:10,132,8,0,140
2025-08-06T06:19:26,132,8,0,140
2025-08-06T06:50:45,132,8,0,140
2025-08-06T07:22:03,132,8,0,140
2025-08-06T08:16:00,132,8,0,140
2025-08-06T08:47:00,132,8,0,140
2025-08-06T09:18:29,132,8,0,140
2025-08-06T09:50:03,132,8,0,140
2025-08-06T10:21:25,132,8,0,140
2025-08-06T10:52:59,132,8,0,140
2025-08-06T11:24:20,132,8,0,140
2025-08-06T11:55:41,132,8,0,140
2025-08-06T12:26:26,132,8,0,140
2025-08-06T12:57:49,132,8,0,140
2025-08-06T13:29:15,132,8,0,140
2025-08-06T14:00:45,132,8,0,140
2025-08-06T14:32:15,132,8,0,140
2025-08-06T15:03:24,132,8,0,140
2025-08-06T15:34:19,132,8,0,140
2025-08-06T16:05:47,132,8,0,140
2025-08-06T16:37:09,132,8,0,140
2025-08-06T17:08:20,132,8,0,140
2025-08-06T17:39:19,132,8,0,140
2025-08-06T18:11:09,132,8,0,140
2025-08-06T18:42:43,132,8,0,140
2025-08-06T19:14:03,132,8,0,140
2025-08-06T19:45:18,132,8,0,140
2025-08-06T20:16:33,132,8,0,140
2025-08-06T20:48:22,132,8,0,140
2025-08-06T21:19:36,132,8,0,140
2025-08-06T21:50:30,132,8,0,140
2025-08-06T22:22:05,132,8,0,140
2025-08-06T22:53:30,132,8,0,140
2025-08-06T23:24:39,132,8,0,140
2025-08-06T23:55:41,132,8,0,140
2025-08-07T00:27:09,132,8,0,140
2025-08-07T00:58:23,132,8,0,140
2025-08-07T01:29:39,132,8,0,140
2025-08-07T02:00:53,132,8,0,140
2025-08-07T02:32:35,132,8,0,140
2025-08-07T03:04:25,132,8,0,140
2025-08-07T03:35:32,132,8,0,140
2025-08-07T04:06:50,132,8,0,140
2025-08-07T04:42:22,132,8,0,140
2025-08-07T05:13:48,132,8,0,140
2025-08-07T05:44:50,132,8,0,140
2025-08-07T06:15:50,132,8,0,140
2025-08-07T06:47:02,132,8,0,140
2025-08-07T07:18:28,132,8,0,140
2025-08-07T07:49:48,132,8,0,140
2025-08-07T08:20:47,132,8,0,140
2025-08-07T08:51:55,132,8,0,140
2025-08-07T09:22:47,132,8,0,140
2025-08-07T09:53:41,132,8,0,140
2025-08-07T10:25:13,132,8,0,140
2025-08-07T10:56:00,132,8,0,140
2025-08-07T11:27:01,132,8,0,140
2025-08-07T11:58:17,132,8,0,140
2025-08-07T12:29:43,132,8,0,140
2025-08-07T13:01:03,132,8,0,140
2025-08-07T13:32:03,132,8,0,140
2025-08-07T14:03:14,132,8,0,140
2025-08-07T14:34:34,132,8,0,140
2025-08-07T15:05:58,132,8,0,140
2025-08-07T15:37:27,132,8,0,140
2025-08-07T16:08:52,132,8,0,140
2025-08-07T16:40:00,132,8,0,140
2025-08-07T17:11:11,132,8,0,140
2025-08-07T17:42:15,132,8,0,140
2025-08-07T18:13:35,132,8,0,140
2025-08-07T18:44:49,132,8,0,140
2025-08-07T19:16:00,132,8,0,140
2025-08-07T19:47:03,132,8,0,140
2025-08-07T20:18:45,132,8,0,140
2025-08-07T20:49:41,132,8,0,140
2025-08-07T21:21:06,132,8,0,140
2025-08-07T21:52:45,132,8,0,140
2025-08-07T22:23:56,132,8,0,140
2025-08-07T22:55:19,132,8,0,140
2025-08-07T23:27:19,132,8,0,140
2025-08-07T23:59:29,132,8,0,140
2025-08-08T00:32:13,132,8,0,140
2025-08-08T01:05:07,132,8,0,140
2025-08-08T01:36:18,132,8,0,140
2025-08-08T02:07:43,132,8,0,140
2025-08-08T02:39:18,132,8,0,140
2025-08-08T03:10:26,132,8,0,140
2025-08-08T03:41:53,132,8,0,140
2025-08-08T11:44:45,132,8,0,140
2025-08-08T12:16:05,132,8,0,140
2025-08-08T12:47:26,132,8,0,140
2025-08-08T13:18:59,132,8,0,140
2025-08-08T13:50:05,132,8,0,140
2025-08-08T14:21:04,132,8,0,140
2025-08-08T14:52:17,132,8,0,140
2025-08-08T15:23:40,132,8,0,140
2025-08-08T15:54:55,132,8,0,140
2025-08-08T16:25:50,132,8,0,140
2025-08-08T16:57:16,132,8,0,140
2025-08-08T17:28:49,132,8,0,140
2025-08-08T17:59:56,132,8,0,140
2025-08-08T18:30:48,132,8,0,140
2025-08-08T19:02:12,132,8,0,140
2025-08-08T19:33:29,132,8,0,140
2025-08-08T20:04:51,132,8,0,140
2025-08-08T20:36:03,132,8,0,140
2025-08-08T21:07:24,132,8,0,140
2025-08-08T21:38:48,132,8,0,140
2025-08-08T22:09:53,132,8,0,140
2025-08-08T22:41:10,132,8,0,140
2025-08-08T23:12:18,132,8,0,140
2025-08-08T23:43:26,132,8,0,140
2025-08-09T00:14:25,132,8,0,140
2025-08-09T00:46:37,132,8,0,140
2025-08-09T01:17:47,132,8,0,140
2025-08-09T01:49:30,132,8,0,140
2025-08-09T02:21:00,132,8,0,140
2025-08-09T02:52:16,132,8,0,140
2025-08-09T03:23:47,132,8,0,140
2025-08-09T03:54:55,132,8,0,140
2025-08-09T04:42:05,132,8,0,140
2025-08-09T05:14:00,132,8,0,140
2025-08-09T05:45:32,132,8,0,140
2025-08-09T06:17:16,132,8,0,140
2025-08-09T06:48:26,132,8,0,140
2025-08-09T07:19:25,132,8,0,140
2025-08-09T07:50:23,132,8,0,140
2025-08-09T08:21:47,132,8,0,140
2025-08-09T08:52:59,132,8,0,140
2025-08-09T09:24:13,132,8,0,140
2025-08-09T09:55:29,132,8,0,140
2025-08-09T10:26:44,132,8,0,140
2025-08-09T10:57:54,132,8,0,140
2025-08-09T11:28:41,132,8,0,140
2025-08-09T11:59:28,132,8,0,140
2025-08-09T12:30:32,132,8,0,140
2025-08-09T13:01:26,132,8,0,140
2025-08-09T13:32:40,132,8,0,140
2025-08-09T14:04:05,132,8,0,140
2025-08-09T14:35:32,132,8,0,140
2025-08-09T15:06:54,132,8,0,140
2025-08-09T15:37:42,132,8,0,140
2025-08-09T16:08:40,132,8,0,140
2025-08-09T16:39:44,132,8,0,140
2025-08-09T17:11:04,132,8,0,140
2025-08-09T17:42:32,132,8,0,140
2025-08-09T18:13:48,132,8,0,140
2025-08-09T18:44:44,132,8,0,140
2025-08-09T19:16:05,132,8,0,140
2025-08-09T19:47:26,132,8,0,140
2025-08-09T20:18:38,132,8,0,140
2025-08-09T20:49:39,132,8,0,140
2025-08-09T21:21:05,132,8,0,140
2025-08-09T21:52:27,132,8,0,140
2025-08-09T22:23:43,132,8,0,140
2025-08-09T22:54:58,132,8,0,140
2025-08-09T23:26:23,132,8,0,140
2025-08-09T23:57:40,132,8,0,140
2025-08-10T00:29:03,132,8,0,140
2025-08-10T01:00:20,132,8,0,140
2025-08-10T01:31:31,132,8,0,140
2025-08-10T02:02:28,132,8,0,140
2025-08-10T02:33:46,132,8,0,140
2025-08-10T03:05:17,132,8,0,140
2025-08-10T03:36:48,132,8,0,140
2025-08-10T04:08:06,132,8,0,140
2025-08-10T04:49:39,132,8,0,140
2025-08-10T05:20:55,132,8,0,140
2025-08-10T05:52:07,132,8,0,140
2025-08-10T06:23:24,132,8,0,140
2025-08-10T06:54:51,132,8,0,140
2025-08-10T07:25:43,132,8,0,140
2025-08-10T07:57:17,132,8,0,140
2025-08-10T08:28:26,132,8,0,140
2025-08-10T08:59:46,132,8,0,140
2025-08-10T09:30:59,132,8,0,140
2025-08-10T10:01:59,132,8,0,140
2025-08-10T10:33:14,132,8,0,140
2025-08-10T11:04:45,132,8,0,140
2025-08-10T11:36:04,132,8,0,140
2025-08-10T12:07:09,132,8,0,140
2025-08-10T12:38:15,132,8,0,140
2025-08-10T13:09:24,132,8,0,140
2025-08-10T13:40:49,132,8,0,140
2025-08-10T14:12:02,132,8,0,140
2025-08-10T14:42:55,132,8,0,140
2025-08-10T15:13:59,132,8,0,140
2025-08-10T15:45:03,132,8,0,140
2025-08-10T16:16:28,132,8,0,140
2025-08-10T16:47:29,132,8,0,140
2025-08-10T17:19:07,132,8,0,140
2025-08-10T17:50:39,132,8,0,140
2025-08-10T18:21:54,132,8,0,140
2025-08-10T18:52:51,132,8,0,140
2025-08-10T19:24:04,132,8,0,140
2025-08-10T19:55:05,132,8,0,140
2025-08-10T20:26:09,132,8,0,140
2025-08-10T20:57:21,132,8,0,140
2025-08-10T21:28:28,132,8,0,140
2025-08-10T22:00:03,132,8,0,140
2025-08-10T22:31:33,132,8,0,140
2025-08-10T23:02:59,132,8,0,140
2025-08-10T23:33:54,132,8,0,140
2025-08-11T00:05:12,132,8,0,140
2025-08-11T00:36:35,132,8,0,140
2025-08-11T01:07:56,132,8,0,140
2025-08-11T01:39:06,132,8,0,140
2025-08-11T02:10:14,132,8,0,140
2025-08-11T02:41:06,132,8,0,140
2025-08-11T03:12:18,132,8,0,140
2025-08-11T03:43:47,132,8,0,140
2025-08-11T04:37:23,132,8,0,140
2025-08-11T05:09:01,132,8,0,140
2025-08-11T05:40:43,132,8,0,140
2025-08-11T06:12:10,132,8,0,140
2025-08-11T06:43:09,132,8,0,140
2025-08-11T07:14:18,132,8,0,140
2025-08-11T07:45:43,132,8,0,140
2025-08-11T08:17:01,132,8,0,140
2025-08-11T08:47:58,132,8,0,140
2025-08-11T09:19:06,132,8,0,140
2025-08-11T09:50:05,132,8,0,140
2025-08-11T10:21:30,132,8,0,140
2025-08-11T10:52:52,132,8,0,140
2025-08-11T11:23:57,132,8,0,140
2025-08-11T11:55:04,132,8,0,140
2025-08-11T12:26:21,132,8,0,140
2025-08-11T12:57:20,132,8,0,140
2025-08-11T13:29:17,132,8,0,140
2025-08-11T14:00:25,132,8,0,140
2025-08-11T14:31:57,132,8,0,140
2025-08-11T15:03:21,132,8,0,140
2025-08-11T15:34:27,132,8,0,140
2025-08-11T16:05:37,132,8,0,140
2025-08-11T16:36:47,132,8,0,140
2025-08-11T17:07:36,132,8,0,140
2025-08-11T17:38:46,132,8,0,140
2025-08-11T18:09:38,132,8,0,140
2025-08-11T18:41:20,132,8,0,140
2025-08-11T19:12:38,132,8,0,140
2025-08-11T19:43:41,132,8,0,140
2025-08-11T20:14:56,132,8,0,140
2025-08-11T20:45:49,132,8,0,140
2025-08-11T21:17:39,132,8,0,140
2025-08-11T21:49:15,132,8,0,140
2025-08-11T22:20:48,132,8,0,140
2025-08-11T22:51:59,132,8,0,140
2025-08-11T23:23:01,132,8,0,140
2025-08-11T23:54:02,132,8,0,140
2025-08-12T00:25:44,132,8,0,140
2025-08-12T00:57:54,132,8,0,140
2025-08-12T01:29:35,132,8,0,140
2025-08-12T02:01:30,132,8,0,140
2025-08-12T02:33:00,132,8,0,140
2025-08-12T03:04:22,132,8,0,140
2025-08-12T03:35:36,132,8,0,140
2025-08-12T04:06:51,132,8,0,140
2025-08-12T04:36:01,132,8,0,140
2025-08-12T05:07:15,132,8,0,140
2025-08-12T05:39:05,132,8,0,140
2025-08-12T06:10:11,132,8,0,140
2025-08-12T06:41:25,132,8,0,140
2025-08-12T07:12:35,132,8,0,140
2025-08-12T07:43:47,132,8,0,140
2025-08-12T08:15:04,132,8,0,140
2025-08-12T08:45:55,132,8,0,140
2025-08-12T09:17:11,132,8,0,140
2025-08-12T09:48:28,132,8,0,140
2025-08-12T10:19:42,132,8,0,140
2025-08-12T10:51:22,132,8,0,140
2025-08-12T11:23:07,132,8,0,140
2025-08-12T11:54:03,132,8,0,140
2025-08-12T12:25:35,132,8,0,140
2025-08-12T12:56:19,132,8,0,140
2025-08-12T13:27:40,132,8,0,140
2025-08-12T13:59:00,132,8,0,140
2025-08-12T14:30:31,132,8,0,140
2025-08-12T15:02:00,132,8,0,140
2025-08-12T15:32:43,132,8,0,140
2025-08-12T16:03:41,132,8,0,140
2025-08-12T16:34:52,132,8,0,140
2025-08-12T17:05:48,132,8,0,140
2025-08-12T17:36:40,132,8,0,140
2025-08-12T18:07:47,132,8,0,140
2025-08-12T18:38:38,132,8,0,140
2025-08-12T19:09:27,132,8,0,140
2025-08-12T19:41:13,132,8,0,140
2025-08-12T20:12:08,132,8,0,140
2025-08-12T20:43:30,132,8,0,140
2025-08-12T21:14:52,132,8,0,140
2025-08-12T21:46:03,132,8,0,140
2025-08-12T22:17:26,132,8,0,140
2025-08-12T22:48:47,132,8,0,140
2025-08-12T23:20:18,132,8,0,140
2025-08-12T23:51:49,132,8,0,140
2025-08-13T00:22:58,132,8,0,140
2025-08-13T00:54:03,132,8,0,140
2025-08-13T01:25:14,132,8,0,140
2025-08-13T01:56:32,132,8,0,140
2025-08-13T02:27:48,132,8,0,140
2025-08-13T02:59:00,132,8,0,140
2025-08-13T03:30:41,132,8,0,140
2025-08-13T04:01:45,132,8,0,140
2025-08-13T04:42:50,132,8,0,140
2025-08-13T05:14:00,132,8,0,140
2025-08-13T05:45:34,132,8,0,140
2025-08-13T06:16:23,132,8,0,140
2025-08-13T06:47:16,132,8,0,140
2025-08-13T07:18:53,132,8,0,140
2025-08-13T07:49:47,132,8,0,140
2025-08-13T08:20:47,132,8,0,140
2025-08-13T08:52:09,132,8,0,140
2025-08-13T09:23:54,132,8,0,140
2025-08-13T09:55:07,132,8,0,140
2025-08-13T10:26:36,132,8,0,140
2025-08-13T10:57:52,132,8,0,140
2025-08-13T11:29:11,132,8,0,140
2025-08-13T12:00:29,132,8,0,140
2025-08-13T12:31:43,132,8,0,140
2025-08-13T13:03:39,132,8,0,140
2025-08-13T13:35:33,132,8,0,140
2025-08-13T14:06:41,132,8,0,140
2025-08-13T14:37:53,132,8,0,140
2025-08-13T15:27:09,132,8,0,140
2025-08-13T15:58:47,132,8,0,140
2025-08-13T16:30:52,132,8,0,140
2025-08-13T17:02:26,132,8,0,140
2025-08-13T17:33:51,132,8,0,140
2025-08-13T18:05:07,132,8,0,140
2025-08-13T18:36:15,132,8,0,140
2025-08-13T19:07:32,132,8,0,140
2025-08-13T19:38:23,132,8,0,140
2025-08-13T20:09:24,132,8,0,140
2025-08-13T20:40:42,132,8,0,140
2025-08-13T21:11:43,132,8,0,140
2025-08-13T21:42:30,132,8,0,140
2025-08-13T22:13:46,132,8,0,140
2025-08-13T22:44:50,132,8,0,140
2025-08-13T23:16:16,132,8,0,140
2025-08-13T23:47:22,132,8,0,140
2025-08-14T00:18:30,132,8,0,140
2025-08-14T00:49:29,132,8,0,140
2025-08-14T01:20:57,132,8,0,140
2025-08-14T01:52:10,132,8,0,140
2025-08-14T02:23:16,132,8,0,140
2025-08-14T02:54:40,132,8,0,140
2025-08-14T03:26:11,132,8,0,140
2025-08-14T03:57:16,132,8,0,140
2025-08-14T04:41:21,132,8,0,140
2025-08-14T05:12:48,132,8,0,140
2025-08-14T05:44:05,132,8,0,140
2025-08-14T06:15:39,132,8,0,140
2025-08-14T06:47:13,132,8,0,140
2025-08-14T07:18:38,132,8,0,140
2025-08-14T07:49:50,132,8,0,140
2025-08-14T08:21:04,132,8,0,140
2025-08-14T08:52:14,132,8,0,140
2025-08-14T09:23:13,132,8,0,140
2025-08-14T09:54:19,132,8,0,140
2025-08-14T10:25:31,132,8,0,140
2025-08-14T10:57:01,132,8,0,140
2025-08-14T11:29:04,132,8,0,140
2025-08-14T12:01:01,132,8,0,140
2025-08-14T12:32:16,132,8,0,140
2025-08-14T13:03:37,132,8,0,140
2025-08-14T13:34:49,132,8,0,140
2025-08-14T14:05:54,132,8,0,140
2025-08-14T14:37:57,133,7,0,140
2025-08-14T15:09:41,133,7,0,140
2025-08-14T15:41:08,133,7,0,140
2025-08-14T16:12:05,133,7,0,140
2025-08-14T16:43:32,133,7,0,140
2025-08-14T17:15:04,133,7,0,140
2025-08-14T17:46:24,133,7,0,140
2025-08-14T18:17:52,133,7,0,140
2025-08-14T18:48:53,133,7,0,140
2025-08-14T19:19:49,133,7,0,140
2025-08-14T19:51:26,133,7,0,140
2025-08-14T20:22:44,134,6,0,140
2025-08-14T20:53:33,135,5,0,140
2025-08-14T21:24:50,135,5,0,140
2025-08-14T21:55:47,135,5,0,140
2025-08-14T22:27:15,135,5,0,140
2025-08-14T22:58:30,135,5,0,140
2025-08-14T23:29:45,135,5,0,140
2025-08-15T00:00:37,135,5,0,140
2025-08-15T00:32:22,135,5,0,140
2025-08-15T01:04:53,135,5,0,140
2025-08-15T01:36:13,135,5,0,140
2025-08-15T02:07:31,135,5,0,140
2025-08-15T02:39:04,135,5,0,140
2025-08-15T03:10:15,135,5,0,140
2025-08-15T03:41:44,135,5,0,140
2025-08-15T04:13:04,135,5,0,140
2025-08-15T04:56:20,135,5,0,140
2025-08-15T05:27:37,135,5,0,140
2025-08-15T05:58:41,135,5,0,140
2025-08-15T06:30:04,135,5,0,140
2025-08-15T07:01:19,135,5,0,140
2025-08-15T07:32:18,135,5,0,140
2025-08-15T08:03:31,135,5,0,140
2025-08-15T08:34:39,135,5,0,140
2025-08-15T09:06:03,135,5,0,140
2025-08-15T09:37:08,135,5,0,140
2025-08-15T10:08:32,135,5,0,140
2025-08-15T10:39:49,135,5,0,140
2025-08-15T11:10:51,135,5,0,140
2025-08-15T11:41:54,135,5,0,140
2025-08-15T12:13:32,135,5,0,140
2025-08-15T12:45:04,135,5,0,140
2025-08-15T13:16:40,135,5,0,140
2025-08-15T13:48:04,135,5,0,140
2025-08-15T14:19:06,135,5,0,140
2025-08-15T14:50:23,135,5,0,140
2025-08-15T15:21:25,135,5,0,140
2025-08-15T15:53:08,135,5,0,140
2025-08-15T16:24:30,135,5,0,140
2025-08-15T16:56:05,135,5,0,140
2025-08-15T17:27:06,135,5,0,140
2025-08-15T17:58:13,135,5,0,140
2025-08-15T18:29:38,135,5,0,140
2025-08-15T19:01:00,135,5,0,140
2025-08-15T19:32:16,135,5,0,140
2025-08-15T20:03:28,135,5,0,140
2025-08-15T20:34:37,135,5,0,140
2025-08-15T21:05:21,135,5,0,140
2025-08-15T21:36:31,135,5,0,140
2025-08-15T22:07:29,135,5,0,140
2025-08-15T22:38:28,135,5,0,140
2025-08-15T23:09:34,135,5,0,140
2025-08-15T23:41:10,135,5,0,140
2025-08-16T00:12:26,135,5,0,140
2025-08-16T00:44:30,135,5,0,140
2025-08-16T01:15:27,135,5,0,140
2025-08-16T01:46:35,135,5,0,140
2025-08-16T02:17:48,135,5,0,140
2025-08-16T02:49:08,135,5,0,140
2025-08-16T03:21:04,135,5,0,140
2025-08-16T03:52:22,135,5,0,140
2025-08-16T04:38:41,135,5,0,140
2025-08-16T05:09:54,135,5,0,140
2025-08-16T05:41:12,135,5,0,140
2025-08-16T06:12:17,135,5,0,140
2025-08-16T06:43:48,135,5,0,140
2025-08-16T07:14:53,135,5,0,140
2025-08-16T07:46:05,135,5,0,140
2025-08-16T08:17:27,135,5,0,140
2025-08-16T08:48:35,135,5,0,140
2025-08-16T09:19:44,135,5,0,140
2025-08-16T09:51:04,135,5,0,140
2025-08-16T10:22:16,135,5,0,140
2025-08-16T10:53:36,135,5,0,140
2025-08-16T11:24:53,135,5,0,140
2025-08-16T11:55:49,135,5,0,140
2025-08-16T12:26:49,135,5,0,140
