time,enrolled,available,waitlisted,total
2025-05-20T14:52:26,0,80,0,80
2025-05-20T15:21:12,0,80,0,80
2025-05-20T15:49:47,0,80,0,80
2025-05-20T16:18:34,0,80,0,80
2025-05-20T16:47:22,0,80,0,80
2025-05-20T17:15:59,0,80,0,80
2025-05-20T17:44:46,0,80,0,80
2025-05-20T18:13:24,0,80,0,80
2025-05-20T18:42:10,0,80,0,80
2025-05-20T19:10:44,0,80,0,80
2025-05-20T19:39:17,0,80,0,80
2025-05-20T20:08:01,0,80,0,80
2025-05-20T20:36:35,0,80,0,80
2025-05-20T21:05:08,0,80,0,80
2025-05-20T21:33:52,0,80,0,80
2025-05-20T22:02:26,0,80,0,80
2025-05-20T22:31:10,0,80,0,80
2025-05-20T22:59:44,0,80,0,80
2025-05-20T23:28:19,0,80,0,80
2025-05-20T23:56:54,0,80,0,80
2025-05-21T00:25:53,0,80,0,80
2025-05-21T00:54:54,0,80,0,80
2025-05-21T01:23:33,0,80,0,80
2025-05-21T01:52:11,0,80,0,80
2025-05-21T02:20:49,0,80,0,80
2025-05-21T02:49:49,0,80,0,80
2025-05-21T03:18:27,0,80,0,80
2025-05-21T03:47:04,0,80,0,80
2025-05-21T04:53:50,0,80,0,80
2025-05-21T05:22:28,0,80,0,80
2025-05-21T05:51:08,0,80,0,80
2025-05-21T06:19:46,0,80,0,80
2025-05-21T06:48:24,0,80,0,80
2025-05-21T07:17:00,0,80,0,80
2025-05-21T07:45:39,0,80,0,80
2025-05-21T08:14:15,0,80,0,80
2025-05-21T08:42:57,0,80,0,80
2025-05-21T09:11:44,0,80,0,80
2025-05-21T09:40:29,0,80,0,80
2025-05-21T10:09:15,0,80,0,80
2025-05-21T10:37:50,0,80,0,80
2025-05-21T11:06:34,0,80,0,80
2025-05-21T11:35:22,0,80,0,80
2025-05-21T12:04:01,0,80,0,80
2025-05-21T12:32:51,0,80,0,80
2025-05-21T13:01:42,0,80,0,80
2025-05-21T13:30:32,0,80,0,80
2025-05-21T13:59:12,0,80,0,80
2025-05-21T14:28:01,0,80,0,80
2025-05-21T14:56:40,0,80,0,80
2025-05-21T15:25:37,0,80,0,80
2025-05-21T15:54:31,0,80,0,80
2025-05-21T16:23:13,0,80,0,80
2025-05-21T16:52:07,0,80,0,80
2025-05-21T17:21:01,0,80,0,80
2025-05-21T17:49:42,0,80,0,80
2025-05-21T18:18:34,0,80,0,80
2025-05-21T18:47:15,0,80,0,80
2025-05-21T19:16:06,0,80,0,80
2025-05-21T19:44:48,0,80,0,80
2025-05-21T20:13:29,0,80,0,80
2025-05-21T20:42:22,0,80,0,80
2025-05-21T21:11:13,0,80,0,80
2025-05-21T21:39:59,0,80,0,80
2025-05-21T22:08:40,0,80,0,80
2025-05-21T22:37:21,0,80,0,80
2025-05-21T23:06:14,0,80,0,80
2025-05-21T23:34:57,0,80,0,80
2025-05-22T00:03:38,0,80,0,80
2025-05-22T00:32:24,0,80,0,80
2025-05-22T01:01:19,0,80,0,80
2025-05-22T01:30:08,0,80,0,80
2025-05-22T01:58:53,0,80,0,80
2025-05-22T02:27:37,0,80,0,80
2025-05-22T02:56:36,0,80,0,80
2025-05-22T03:25:21,0,80,0,80
2025-05-22T03:54:05,0,80,0,80
2025-05-22T04:54:03,0,80,0,80
2025-05-22T05:22:48,0,80,0,80
2025-05-22T05:51:36,0,80,0,80
2025-05-22T06:20:21,0,80,0,80
2025-05-22T06:49:06,0,80,0,80
2025-05-22T07:17:50,0,80,0,80
2025-05-22T07:46:36,0,80,0,80
2025-05-22T08:15:18,0,80,0,80
2025-05-22T08:44:09,0,80,0,80
2025-05-22T09:12:52,0,80,0,80
2025-05-22T09:41:36,0,80,0,80
2025-05-22T10:10:22,0,80,0,80
2025-05-22T10:39:19,0,80,0,80
2025-05-22T11:08:06,0,80,0,80
2025-05-22T11:36:51,0,80,0,80
2025-05-22T12:05:55,0,80,0,80
2025-05-22T12:34:51,0,80,0,80
2025-05-22T13:03:35,0,80,0,80
2025-05-22T13:32:31,0,80,0,80
2025-05-22T14:01:30,0,80,0,80
2025-05-22T14:30:15,0,80,0,80
2025-05-22T14:59:01,0,80,0,80
2025-05-22T15:27:58,0,80,0,80
2025-05-22T15:56:47,0,80,0,80
2025-05-22T16:25:45,0,80,0,80
2025-05-22T16:54:33,0,80,0,80
2025-05-22T17:23:32,0,80,0,80
2025-05-22T17:52:20,0,80,0,80
2025-05-22T18:21:08,0,80,0,80
2025-05-22T18:50:06,0,80,0,80
2025-05-22T19:18:55,0,80,0,80
2025-05-22T19:47:43,0,80,0,80
2025-05-22T20:16:32,0,80,0,80
2025-05-22T20:45:31,0,80,0,80
2025-05-22T21:14:19,0,80,0,80
2025-05-22T21:43:07,0,80,0,80
2025-05-22T22:11:55,0,80,0,80
2025-05-22T22:40:54,0,80,0,80
2025-05-22T23:09:43,0,80,0,80
2025-05-22T23:38:33,0,80,0,80
2025-05-23T00:07:52,0,80,0,80
2025-05-23T00:36:45,0,80,0,80
2025-05-23T01:05:37,0,80,0,80
2025-05-23T01:34:41,0,80,0,80
2025-05-23T02:03:34,0,80,0,80
2025-05-23T02:32:25,0,80,0,80
2025-05-23T03:01:23,0,80,0,80
2025-05-23T03:30:17,0,80,0,80
2025-05-23T03:59:17,0,80,0,80
2025-05-23T04:55:56,0,80,0,80
2025-05-23T05:24:49,0,80,0,80
2025-05-23T05:53:43,0,80,0,80
2025-05-23T06:22:35,0,80,0,80
2025-05-23T06:51:26,0,80,0,80
2025-05-23T07:20:16,0,80,0,80
2025-05-23T07:49:07,0,80,0,80
2025-05-23T08:18:05,0,80,0,80
2025-05-23T08:46:53,0,80,0,80
2025-05-23T09:15:43,0,80,0,80
2025-05-23T09:44:32,0,80,0,80
2025-05-23T10:13:34,0,80,0,80
2025-05-23T10:42:25,0,80,0,80
2025-05-23T11:11:15,0,80,0,80
2025-05-23T11:40:18,0,80,0,80
2025-05-23T12:09:10,0,80,0,80
2025-05-23T12:38:12,0,80,0,80
2025-05-23T13:07:04,0,80,0,80
2025-05-23T13:36:06,0,80,0,80
2025-05-23T14:04:58,0,80,0,80
2025-05-23T14:33:49,0,80,0,80
2025-05-23T15:02:52,0,80,0,80
2025-05-23T15:31:43,0,80,0,80
2025-05-23T16:00:44,0,80,0,80
2025-05-23T16:29:36,0,80,0,80
2025-05-23T16:58:27,0,80,0,80
2025-05-23T17:27:29,0,80,0,80
2025-05-23T17:56:20,0,80,0,80
2025-05-23T18:25:13,0,80,0,80
2025-05-23T18:54:14,0,80,0,80
2025-05-23T19:23:05,0,80,0,80
2025-05-23T19:51:56,0,80,0,80
2025-05-23T20:20:48,0,80,0,80
2025-05-23T20:49:39,0,80,0,80
2025-05-23T21:18:40,0,80,0,80
2025-05-23T21:47:32,0,80,0,80
2025-05-23T22:16:23,0,80,0,80
2025-05-23T22:45:15,0,80,0,80
2025-05-23T23:14:08,0,80,0,80
2025-05-23T23:43:10,0,80,0,80
2025-05-24T00:12:02,0,80,0,80
2025-05-24T00:40:59,0,80,0,80
2025-05-24T01:09:54,0,80,0,80
2025-05-24T01:38:58,0,80,0,80
2025-05-24T02:07:56,0,80,0,80
2025-05-24T02:37:04,0,80,0,80
2025-05-24T03:06:09,0,80,0,80
2025-05-24T03:35:04,0,80,0,80
2025-05-24T04:03:58,0,80,0,80
2025-05-24T04:53:49,0,80,0,80
2025-05-24T05:22:44,0,80,0,80
2025-05-24T05:51:40,0,80,0,80
2025-05-24T06:20:36,0,80,0,80
2025-05-24T06:49:39,0,80,0,80
2025-05-24T07:18:35,0,80,0,80
2025-05-24T07:47:29,0,80,0,80
2025-05-24T08:16:20,0,80,0,80
2025-05-24T08:45:12,0,80,0,80
2025-05-24T09:14:13,0,80,0,80
2025-05-24T09:43:05,0,80,0,80
2025-05-24T10:11:56,0,80,0,80
2025-05-24T10:40:47,0,80,0,80
2025-05-24T11:09:38,0,80,0,80
2025-05-24T11:38:28,0,80,0,80
2025-05-24T12:07:29,0,80,0,80
2025-05-24T12:36:21,0,80,0,80
2025-05-24T13:05:11,0,80,0,80
2025-05-24T13:34:03,0,80,0,80
2025-05-24T14:03:02,0,80,0,80
2025-05-24T14:31:53,0,80,0,80
2025-05-24T15:00:44,0,80,0,80
2025-05-24T15:29:34,0,80,0,80
2025-05-24T15:58:35,0,80,0,80
2025-05-24T16:27:25,0,80,0,80
2025-05-24T16:56:17,0,80,0,80
2025-05-24T17:25:08,0,80,0,80
2025-05-24T17:54:09,0,80,0,80
2025-05-24T18:23:04,0,80,0,80
2025-05-24T18:51:55,0,80,0,80
2025-05-24T19:20:46,0,80,0,80
2025-05-24T19:49:47,0,80,0,80
2025-05-24T20:18:38,0,80,0,80
2025-05-24T20:47:29,0,80,0,80
2025-05-24T21:16:20,0,80,0,80
2025-05-24T21:45:11,0,80,0,80
2025-05-24T22:14:12,0,80,0,80
2025-05-24T22:43:04,0,80,0,80
2025-05-24T23:11:57,0,80,0,80
2025-05-24T23:40:49,0,80,0,80
2025-05-25T00:09:42,0,80,0,80
2025-05-25T00:38:48,0,80,0,80
2025-05-25T01:07:47,0,80,0,80
2025-05-25T01:36:42,0,80,0,80
2025-05-25T02:05:37,0,80,0,80
2025-05-25T02:34:34,0,80,0,80
2025-05-25T03:03:32,0,80,0,80
2025-05-25T03:32:30,0,80,0,80
2025-05-25T04:01:28,0,80,0,80
2025-05-25T04:52:43,0,80,0,80
2025-05-25T05:21:45,0,80,0,80
2025-05-25T05:50:44,0,80,0,80
2025-05-25T06:19:41,0,80,0,80
2025-05-25T06:48:39,0,80,0,80
2025-05-25T07:17:35,0,80,0,80
2025-05-25T07:46:34,0,80,0,80
2025-05-25T08:15:29,0,80,0,80
2025-05-25T08:44:26,0,80,0,80
2025-05-25T09:13:34,0,80,0,80
2025-05-25T09:42:26,0,80,0,80
2025-05-25T10:11:19,0,80,0,80
2025-05-25T10:40:13,0,80,0,80
2025-05-25T11:09:07,0,80,0,80
2025-05-25T11:38:01,0,80,0,80
2025-05-25T12:06:55,0,80,0,80
2025-05-25T12:35:57,0,80,0,80
2025-05-25T13:04:48,0,80,0,80
2025-05-25T13:33:41,0,80,0,80
2025-05-25T14:02:31,0,80,0,80
2025-05-25T14:31:32,0,80,0,80
2025-05-25T15:00:23,0,80,0,80
2025-05-25T15:29:15,0,80,0,80
2025-05-25T15:58:22,0,80,0,80
2025-05-25T16:27:13,0,80,0,80
2025-05-25T16:56:05,0,80,0,80
2025-05-25T17:24:56,0,80,0,80
2025-05-25T17:53:57,0,80,0,80
2025-05-25T18:22:49,0,80,0,80
2025-05-25T18:51:41,0,80,0,80
2025-05-25T19:20:33,0,80,0,80
2025-05-25T19:49:34,0,80,0,80
2025-05-25T20:18:25,0,80,0,80
2025-05-25T20:47:16,0,80,0,80
2025-05-25T21:16:07,0,80,0,80
2025-05-25T21:45:26,0,80,0,80
2025-05-25T22:14:17,0,80,0,80
2025-05-25T22:43:17,0,80,0,80
2025-05-25T23:12:09,0,80,0,80
2025-05-25T23:41:01,0,80,0,80
2025-05-26T00:10:02,0,80,0,80
2025-05-26T00:38:58,0,80,0,80
2025-05-26T01:08:05,0,80,0,80
2025-05-26T01:37:00,0,80,0,80
2025-05-26T02:06:03,0,80,0,80
2025-05-26T02:34:59,0,80,0,80
2025-05-26T03:03:53,0,80,0,80
2025-05-26T03:32:48,0,80,0,80
2025-05-26T04:01:42,0,80,0,80
2025-05-26T04:52:03,0,80,0,80
2025-05-26T05:22:45,0,80,0,80
2025-05-26T05:51:41,0,80,0,80
2025-05-26T06:20:37,0,80,0,80
2025-05-26T06:49:32,0,80,0,80
2025-05-26T07:18:24,0,80,0,80
2025-05-26T07:47:16,0,80,0,80
2025-05-26T08:16:07,0,80,0,80
2025-05-26T08:45:03,0,80,0,80
2025-05-26T09:14:02,0,80,0,80
2025-05-26T09:42:53,0,80,0,80
2025-05-26T10:11:45,0,80,0,80
2025-05-26T10:40:36,0,80,0,80
2025-05-26T11:09:37,0,80,0,80
2025-05-26T11:38:28,0,80,0,80
2025-05-26T12:07:18,0,80,0,80
2025-05-26T12:36:20,0,80,0,80
2025-05-26T13:05:20,0,80,0,80
2025-05-26T13:34:11,0,80,0,80
2025-05-26T14:03:02,0,80,0,80
2025-05-26T14:32:06,0,80,0,80
2025-05-26T15:00:57,0,80,0,80
2025-05-26T15:29:58,0,80,0,80
2025-05-26T15:58:49,0,80,0,80
2025-05-26T16:27:49,0,80,0,80
2025-05-26T16:56:43,0,80,0,80
2025-05-26T17:25:45,0,80,0,80
2025-05-26T17:54:37,0,80,0,80
2025-05-26T18:23:39,0,80,0,80
2025-05-26T18:52:31,0,80,0,80
2025-05-26T19:21:32,0,80,0,80
2025-05-26T19:50:23,0,80,0,80
2025-05-26T20:19:25,0,80,0,80
2025-05-26T20:48:17,0,80,0,80
2025-05-26T21:17:17,0,80,0,80
2025-05-26T21:46:09,0,80,0,80
2025-05-26T22:15:11,0,80,0,80
2025-05-26T22:44:04,0,80,0,80
2025-05-26T23:13:28,0,80,0,80
2025-05-26T23:42:20,0,80,0,80
2025-05-27T00:11:23,0,80,0,80
2025-05-27T00:40:20,0,80,0,80
2025-05-27T01:09:13,0,80,0,80
2025-05-27T01:38:18,0,80,0,80
2025-05-27T02:07:12,0,80,0,80
2025-05-27T02:36:05,0,80,0,80
2025-05-27T03:04:59,0,80,0,80
2025-05-27T03:34:03,0,80,0,80
2025-05-27T04:04:46,0,80,0,80
2025-05-28T00:59:59,0,80,0,80
2025-05-28T01:29:08,0,80,0,80
2025-05-28T01:58:08,0,80,0,80
2025-05-28T02:27:16,0,80,0,80
2025-05-28T02:56:17,0,80,0,80
2025-05-28T03:25:17,0,80,0,80
2025-05-28T03:54:16,0,80,0,80
2025-05-28T04:49:13,0,80,0,80
2025-05-28T05:18:13,0,80,0,80
2025-05-28T05:47:13,0,80,0,80
2025-05-28T06:16:13,0,80,0,80
2025-05-28T06:45:15,0,80,0,80
2025-05-28T07:14:13,0,80,0,80
2025-05-28T07:43:10,0,80,0,80
2025-05-28T08:12:16,0,80,0,80
2025-05-28T08:41:14,0,80,0,80
2025-05-28T09:10:12,0,80,0,80
2025-05-28T09:39:22,0,80,0,80
2025-05-28T10:08:21,0,80,0,80
2025-05-28T10:37:34,0,80,0,80
2025-05-28T11:06:45,0,80,0,80
2025-05-28T11:35:59,0,80,0,80
2025-05-28T12:05:04,0,80,0,80
2025-05-28T12:34:14,0,80,0,80
2025-05-28T13:03:27,0,80,0,80
2025-05-28T13:32:28,0,80,0,80
2025-05-28T14:01:38,0,80,0,80
2025-05-28T14:30:49,0,80,0,80
2025-05-28T14:59:50,0,80,0,80
2025-05-28T15:29:03,0,80,0,80
2025-05-28T15:58:12,0,80,0,80
2025-05-28T16:27:08,0,80,0,80
2025-05-28T16:56:16,0,80,0,80
2025-05-28T17:25:14,0,80,0,80
2025-05-28T17:54:21,0,80,0,80
2025-05-28T18:23:18,0,80,0,80
2025-05-28T18:52:28,0,80,0,80
2025-05-28T19:21:24,0,80,0,80
2025-05-28T19:50:21,0,80,0,80
2025-05-28T20:19:27,0,80,0,80
2025-05-28T20:48:23,0,80,0,80
2025-05-28T21:17:20,0,80,0,80
2025-05-28T21:46:26,0,80,0,80
2025-05-28T22:15:24,0,80,0,80
2025-05-28T22:44:21,0,80,0,80
2025-05-28T23:13:18,0,80,0,80
2025-05-28T23:42:24,0,80,0,80
2025-05-29T00:11:23,0,80,0,80
2025-05-29T00:40:26,0,80,0,80
2025-05-29T01:09:26,0,80,0,80
2025-05-29T01:38:27,0,80,0,80
2025-05-29T02:07:37,0,80,0,80
2025-05-29T02:36:36,0,80,0,80
2025-05-29T03:05:43,0,80,0,80
2025-05-29T03:34:44,0,80,0,80
2025-05-29T04:03:43,0,80,0,80
2025-05-29T04:58:41,0,80,0,80
2025-05-29T05:27:43,0,80,0,80
2025-05-29T05:56:46,0,80,0,80
2025-05-29T06:25:48,0,80,0,80
2025-05-29T06:54:48,0,80,0,80
2025-05-29T07:23:47,0,80,0,80
2025-05-29T07:52:45,0,80,0,80
2025-05-29T08:21:47,0,80,0,80
2025-05-29T08:50:50,0,80,0,80
2025-05-29T09:19:47,0,80,0,80
2025-05-29T09:48:45,0,80,0,80
2025-05-29T10:17:55,0,80,0,80
2025-05-29T10:46:52,0,80,0,80
2025-05-29T11:15:58,0,80,0,80
2025-05-29T11:44:55,0,80,0,80
2025-05-29T12:13:52,0,80,0,80
2025-05-29T12:42:59,0,80,0,80
2025-05-29T13:11:55,0,80,0,80
2025-05-29T13:41:02,0,80,0,80
2025-05-29T14:09:59,0,80,0,80
2025-05-29T14:39:11,0,80,0,80
2025-05-29T15:08:10,0,80,0,80
2025-05-29T15:37:17,0,80,0,80
2025-05-29T16:06:26,0,80,0,80
2025-05-29T16:35:39,0,80,0,80
2025-05-29T17:04:45,0,80,0,80
2025-05-29T17:33:45,0,80,0,80
2025-05-29T18:02:44,0,80,0,80
2025-05-29T18:31:53,0,80,0,80
2025-05-29T19:00:51,0,80,0,80
2025-05-29T19:29:48,0,80,0,80
2025-05-29T19:58:46,0,80,0,80
2025-05-29T20:27:52,0,80,0,80
2025-05-29T20:56:50,0,80,0,80
2025-05-29T21:25:48,0,80,0,80
2025-05-29T21:54:46,0,80,0,80
2025-05-29T22:23:53,0,80,0,80
2025-05-29T22:52:52,0,80,0,80
2025-05-29T23:21:50,0,80,0,80
2025-05-29T23:50:49,0,80,0,80
2025-05-30T00:19:50,0,80,0,80
2025-05-30T00:49:03,0,80,0,80
2025-05-30T01:18:07,0,80,0,80
2025-05-30T01:47:20,0,80,0,80
2025-05-30T02:16:22,0,80,0,80
2025-05-30T02:45:24,0,80,0,80
2025-05-30T03:14:33,0,80,0,80
2025-05-30T03:43:32,0,80,0,80
2025-05-30T04:47:23,0,80,0,80
2025-05-30T05:16:25,0,80,0,80
2025-05-30T05:45:39,0,80,0,80
2025-05-30T06:14:44,0,80,0,80
2025-05-30T06:43:55,0,80,0,80
2025-05-30T07:12:56,0,80,0,80
2025-05-30T07:41:56,0,80,0,80
2025-05-30T08:10:54,0,80,0,80
2025-05-30T08:39:54,0,80,0,80
2025-05-30T09:08:52,0,80,0,80
2025-05-30T09:38:04,0,80,0,80
2025-05-30T10:07:02,0,80,0,80
2025-05-30T10:36:01,0,80,0,80
2025-05-30T11:04:59,0,80,0,80
2025-05-30T11:34:08,0,80,0,80
2025-05-30T12:03:06,0,80,0,80
2025-05-30T12:32:14,0,80,0,80
2025-05-30T13:01:13,0,80,0,80
2025-05-30T13:30:12,0,80,0,80
2025-05-30T13:59:21,0,80,0,80
2025-05-30T14:28:19,0,80,0,80
2025-05-30T14:57:17,0,80,0,80
2025-05-30T15:26:26,0,80,0,80
2025-05-30T15:55:26,0,80,0,80
2025-05-30T16:24:35,0,80,0,80
2025-05-30T16:53:33,0,80,0,80
2025-05-30T17:22:33,0,80,0,80
2025-05-30T17:51:31,0,80,0,80
2025-05-30T18:20:40,0,80,0,80
2025-05-30T18:49:38,0,80,0,80
2025-05-30T19:18:36,0,80,0,80
2025-05-30T19:47:35,0,80,0,80
2025-05-30T20:16:43,0,80,0,80
2025-05-30T20:45:43,0,80,0,80
2025-05-30T21:14:42,0,80,0,80
2025-05-30T21:43:40,0,80,0,80
2025-05-30T22:12:38,0,80,0,80
2025-05-30T22:41:46,0,80,0,80
2025-05-30T23:10:46,0,80,0,80
2025-05-30T23:39:45,0,80,0,80
2025-05-31T00:09:19,0,80,0,80
2025-05-31T00:38:33,0,80,0,80
2025-05-31T01:07:38,0,80,0,80
2025-05-31T01:36:40,0,80,0,80
2025-05-31T02:05:42,0,80,0,80
2025-05-31T02:34:51,0,80,0,80
2025-05-31T03:03:52,0,80,0,80
2025-05-31T03:32:53,0,80,0,80
2025-05-31T04:02:05,0,80,0,80
2025-05-31T04:56:24,0,80,0,80
2025-05-31T05:25:28,0,80,0,80
2025-05-31T05:54:32,0,80,0,80
2025-05-31T06:23:34,0,80,0,80
2025-05-31T06:52:36,0,80,0,80
2025-05-31T07:21:39,0,80,0,80
2025-05-31T07:50:39,0,80,0,80
2025-05-31T08:19:45,0,80,0,80
2025-05-31T08:48:43,0,80,0,80
2025-05-31T09:17:42,0,80,0,80
2025-05-31T09:46:40,0,80,0,80
2025-05-31T10:15:37,0,80,0,80
2025-05-31T10:44:45,0,80,0,80
2025-05-31T11:13:42,0,80,0,80
2025-05-31T11:42:39,0,80,0,80
2025-05-31T12:11:38,0,80,0,80
2025-05-31T12:40:44,0,80,0,80
2025-05-31T13:09:42,0,80,0,80
2025-05-31T13:38:39,0,80,0,80
2025-05-31T14:07:37,0,80,0,80
2025-05-31T14:36:47,0,80,0,80
2025-05-31T15:05:48,0,80,0,80
2025-05-31T15:34:54,0,80,0,80
2025-05-31T16:03:51,0,80,0,80
2025-05-31T16:32:57,0,80,0,80
2025-05-31T17:01:53,0,80,0,80
2025-05-31T17:30:51,0,80,0,80
2025-05-31T17:59:49,0,80,0,80
2025-05-31T18:28:50,0,80,0,80
2025-05-31T18:57:57,0,80,0,80
2025-05-31T19:26:55,0,80,0,80
2025-05-31T19:55:52,0,80,0,80
2025-05-31T20:24:49,0,80,0,80
2025-05-31T20:53:54,0,80,0,80
2025-05-31T21:22:52,0,80,0,80
2025-05-31T21:51:50,0,80,0,80
2025-05-31T22:20:47,0,80,0,80
2025-05-31T22:49:45,0,80,0,80
2025-05-31T23:18:53,0,80,0,80
2025-05-31T23:47:52,0,80,0,80
2025-06-01T00:16:59,0,80,0,80
2025-06-01T00:46:22,0,80,0,80
2025-06-01T01:15:24,0,80,0,80
2025-06-01T01:44:34,0,80,0,80
2025-06-01T02:13:35,0,80,0,80
2025-06-01T02:42:38,0,80,0,80
2025-06-01T03:11:51,0,80,0,80
2025-06-01T03:40:53,0,80,0,80
2025-06-01T04:11:51,0,80,0,80
2025-06-01T04:52:27,0,80,0,80
2025-06-01T05:21:29,0,80,0,80
2025-06-01T05:50:31,0,80,0,80
2025-06-01T06:19:33,0,80,0,80
2025-06-01T06:48:37,0,80,0,80
2025-06-01T07:17:37,0,80,0,80
2025-06-01T07:46:40,0,80,0,80
2025-06-01T08:15:46,0,80,0,80
2025-06-01T08:44:45,0,80,0,80
2025-06-01T09:13:43,0,80,0,80
2025-06-01T09:42:41,0,80,0,80
2025-06-01T10:11:41,0,80,0,80
2025-06-01T10:40:41,0,80,0,80
2025-06-01T11:09:40,0,80,0,80
2025-06-01T11:38:40,0,80,0,80
2025-06-01T12:07:49,0,80,0,80
2025-06-01T12:36:49,0,80,0,80
2025-06-01T13:05:46,0,80,0,80
2025-06-01T13:34:52,0,80,0,80
2025-06-01T14:03:48,0,80,0,80
2025-06-01T14:32:45,0,80,0,80
2025-06-01T15:01:47,0,80,0,80
2025-06-01T15:30:53,0,80,0,80
2025-06-01T15:59:50,0,80,0,80
2025-06-01T16:28:46,0,80,0,80
2025-06-01T16:57:44,0,80,0,80
2025-06-01T17:26:51,0,80,0,80
2025-06-01T17:55:48,0,80,0,80
2025-06-01T18:24:46,0,80,0,80
2025-06-01T18:53:43,0,80,0,80
2025-06-01T19:22:50,0,80,0,80
2025-06-01T19:51:48,0,80,0,80
2025-06-01T20:20:45,0,80,0,80
2025-06-01T20:49:49,0,80,0,80
2025-06-01T21:18:56,0,80,0,80
2025-06-01T21:47:55,0,80,0,80
2025-06-01T22:16:53,0,80,0,80
2025-06-01T22:46:01,0,80,0,80
2025-06-01T23:15:01,0,80,0,80
2025-06-01T23:44:01,0,80,0,80
2025-06-02T00:13:01,0,80,0,80
2025-06-02T00:42:40,0,80,0,80
2025-06-02T01:11:44,0,80,0,80
2025-06-02T01:40:46,0,80,0,80
2025-06-02T02:09:47,0,80,0,80
2025-06-02T02:38:48,0,80,0,80
2025-06-02T03:07:48,0,80,0,80
2025-06-02T03:36:48,0,80,0,80
2025-06-02T04:06:00,0,80,0,80
2025-06-02T04:51:44,0,80,0,80
2025-06-02T05:20:46,0,80,0,80
2025-06-02T05:49:49,0,80,0,80
2025-06-02T06:18:51,0,80,0,80
2025-06-02T06:47:52,0,80,0,80
2025-06-02T07:16:51,0,80,0,80
2025-06-02T07:45:49,0,80,0,80
2025-06-02T08:14:55,0,80,0,80
2025-06-02T08:44:02,0,80,0,80
2025-06-02T09:13:02,0,80,0,80
2025-06-02T09:42:02,0,80,0,80
2025-06-02T10:11:04,0,80,0,80
2025-06-02T10:40:17,0,80,0,80
2025-06-02T11:09:19,0,80,0,80
2025-06-02T11:38:34,0,80,0,80
2025-06-02T12:07:44,0,80,0,80
2025-06-02T12:37:05,0,80,0,80
2025-06-02T13:06:16,0,80,0,80
2025-06-02T13:35:37,0,80,0,80
2025-06-02T14:04:49,0,80,0,80
2025-06-02T14:34:09,0,80,0,80
2025-06-02T15:03:31,0,80,0,80
2025-06-02T15:32:43,0,80,0,80
2025-06-02T16:02:06,0,80,0,80
2025-06-02T16:31:18,0,80,0,80
2025-06-02T17:00:40,0,80,0,80
2025-06-02T17:29:52,0,80,0,80
2025-06-02T17:59:14,0,80,0,80
2025-06-02T18:28:27,0,80,0,80
2025-06-02T18:57:47,0,80,0,80
2025-06-02T19:27:01,0,80,0,80
2025-06-02T19:56:25,0,80,0,80
2025-06-02T20:25:47,0,80,0,80
2025-06-02T20:54:58,0,80,0,80
2025-06-02T21:24:21,0,80,0,80
2025-06-02T21:53:33,0,80,0,80
2025-06-02T22:22:44,0,80,0,80
2025-06-02T22:52:08,0,80,0,80
2025-06-02T23:21:20,0,80,0,80
2025-06-02T23:50:42,0,80,0,80
2025-06-03T00:19:57,0,80,0,80
2025-06-03T00:49:14,0,80,0,80
2025-06-03T01:18:41,0,80,0,80
2025-06-03T01:47:56,0,80,0,80
2025-06-03T02:17:16,0,80,0,80
2025-06-03T02:46:30,0,80,0,80
2025-06-03T03:15:44,0,80,0,80
2025-06-03T03:45:09,0,80,0,80
2025-06-03T04:47:28,0,80,0,80
2025-06-03T05:16:42,0,80,0,80
2025-06-03T05:45:56,0,80,0,80
2025-06-03T06:15:15,0,80,0,80
2025-06-03T06:44:30,0,80,0,80
2025-06-03T07:13:46,0,80,0,80
2025-06-03T07:42:59,0,80,0,80
2025-06-03T08:12:18,0,80,0,80
2025-06-03T08:41:31,0,80,0,80
2025-06-03T09:10:43,0,80,0,80
2025-06-03T09:39:56,0,80,0,80
2025-06-03T10:09:21,0,80,0,80
2025-06-03T10:38:34,0,80,0,80
2025-06-03T11:07:57,0,80,0,80
2025-06-03T11:37:20,0,80,0,80
2025-06-03T12:06:35,0,80,0,80
2025-06-03T12:36:00,0,80,0,80
2025-06-03T13:05:22,0,80,0,80
2025-06-03T13:34:36,0,80,0,80
2025-06-03T14:04:05,0,80,0,80
2025-06-03T14:33:28,0,80,0,80
2025-06-03T15:03:05,0,80,0,80
2025-06-03T15:32:41,0,80,0,80
2025-06-03T16:02:43,0,80,0,80
2025-06-03T16:32:35,0,80,0,80
2025-06-03T17:02:40,0,80,0,80
2025-06-03T17:32:34,0,80,0,80
2025-06-03T18:02:39,0,80,0,80
2025-06-03T18:32:32,0,80,0,80
2025-06-03T19:02:35,0,80,0,80
2025-06-03T19:32:28,0,80,0,80
2025-06-03T20:02:31,0,80,0,80
2025-06-03T20:32:34,0,80,0,80
2025-06-03T21:02:26,0,80,0,80
2025-06-03T21:32:19,0,80,0,80
2025-06-03T22:02:21,0,80,0,80
2025-06-03T22:32:13,0,80,0,80
2025-06-03T23:02:16,0,80,0,80
2025-06-03T23:32:09,0,80,0,80
2025-06-04T00:02:01,0,80,0,80
2025-06-04T00:32:07,0,80,0,80
2025-06-04T01:02:04,0,80,0,80
2025-06-04T01:31:59,0,80,0,80
2025-06-04T02:01:55,0,80,0,80
2025-06-04T02:32:10,0,80,0,80
2025-06-04T03:02:03,0,80,0,80
2025-06-04T03:31:58,0,80,0,80
2025-06-04T04:01:53,0,80,0,80
2025-06-04T04:56:08,0,80,0,80
2025-06-04T05:26:02,0,80,0,80
2025-06-04T05:56:00,0,80,0,80
2025-06-04T06:26:13,0,80,0,80
2025-06-04T06:56:09,0,80,0,80
2025-06-04T07:26:06,0,80,0,80
2025-06-04T07:56:00,0,80,0,80
2025-06-04T08:26:04,0,80,0,80
2025-06-04T08:55:59,0,80,0,80
2025-06-04T09:25:53,0,80,0,80
2025-06-04T09:55:49,0,80,0,80
2025-06-04T10:25:54,0,80,0,80
2025-06-04T10:56:01,0,80,0,80
2025-06-04T11:26:10,0,80,0,80
2025-06-04T11:56:06,0,80,0,80
2025-06-04T12:26:28,0,80,0,80
2025-06-04T12:56:35,0,80,0,80
2025-06-04T13:26:41,0,80,0,80
2025-06-04T14:15:16,0,80,0,80
2025-06-04T14:45:22,0,80,0,80
2025-06-04T15:15:19,0,80,0,80
2025-06-04T15:45:26,0,80,0,80
2025-06-04T16:15:34,0,80,0,80
2025-06-04T16:45:45,0,80,0,80
2025-06-04T17:15:43,0,80,0,80
2025-06-04T17:45:52,0,80,0,80
2025-06-04T18:16:04,0,80,0,80
2025-06-04T18:46:00,0,80,0,80
2025-06-04T19:16:06,0,80,0,80
2025-06-04T19:46:01,0,80,0,80
2025-06-04T20:16:07,0,80,0,80
2025-06-04T20:46:02,0,80,0,80
2025-06-04T21:16:08,0,80,0,80
2025-06-04T21:46:03,0,80,0,80
2025-06-04T22:16:10,0,80,0,80
2025-06-04T22:46:07,0,80,0,80
2025-06-04T23:16:03,0,80,0,80
2025-06-04T23:46:10,0,80,0,80
2025-06-05T00:16:07,0,80,0,80
2025-06-05T00:46:06,0,80,0,80
2025-06-05T01:16:16,0,80,0,80
2025-06-05T01:46:13,0,80,0,80
2025-06-05T02:16:12,0,80,0,80
2025-06-05T02:46:10,0,80,0,80
2025-06-05T03:16:08,0,80,0,80
2025-06-05T03:46:22,0,80,0,80
2025-06-05T04:49:14,0,80,0,80
2025-06-05T05:19:13,0,80,0,80
2025-06-05T05:49:12,0,80,0,80
2025-06-05T06:19:13,0,80,0,80
2025-06-05T06:49:10,0,80,0,80
2025-06-05T07:19:10,0,80,0,80
2025-06-05T07:49:06,0,80,0,80
2025-06-05T08:19:02,0,80,0,80
2025-06-05T08:49:08,0,80,0,80
2025-06-05T09:19:02,0,80,0,80
2025-06-05T09:48:56,0,80,0,80
2025-06-05T10:19:03,0,80,0,80
2025-06-05T10:48:59,0,80,0,80
2025-06-05T11:19:05,0,80,0,80
2025-06-05T11:49:14,0,80,0,80
2025-06-05T12:19:09,0,80,0,80
2025-06-05T12:49:13,0,80,0,80
2025-06-05T13:19:08,0,80,0,80
2025-06-05T13:49:14,0,80,0,80
2025-06-05T14:19:19,0,80,0,80
2025-06-05T14:49:13,0,80,0,80
2025-06-05T15:19:18,0,80,0,80
2025-06-05T15:49:22,0,80,0,80
2025-06-05T16:19:18,0,80,0,80
2025-06-05T16:49:12,0,80,0,80
2025-06-05T17:19:18,0,80,0,80
2025-06-05T17:49:12,0,80,0,80
2025-06-05T18:19:18,0,80,0,80
2025-06-05T18:49:13,0,80,0,80
2025-06-05T19:19:07,0,80,0,80
2025-06-05T19:49:10,0,80,0,80
2025-06-05T20:19:05,0,80,0,80
2025-06-05T20:49:01,0,80,0,80
2025-06-05T21:19:05,0,80,0,80
2025-06-05T21:48:58,0,80,0,80
2025-06-05T22:18:53,0,80,0,80
2025-06-05T22:48:57,0,80,0,80
2025-06-05T23:18:52,0,80,0,80
2025-06-05T23:48:47,0,80,0,80
2025-06-06T00:18:44,0,80,0,80
2025-06-06T00:48:54,0,80,0,80
2025-06-06T01:18:53,0,80,0,80
2025-06-06T01:48:52,0,80,0,80
2025-06-06T02:18:56,0,80,0,80
2025-06-06T02:49:05,0,80,0,80
2025-06-06T03:19:18,0,80,0,80
2025-06-06T03:49:17,0,80,0,80
2025-06-06T04:21:39,0,80,0,80
2025-06-06T04:59:34,0,80,0,80
2025-06-06T05:29:33,0,80,0,80
2025-06-06T05:59:32,0,80,0,80
2025-06-06T06:29:32,0,80,0,80
2025-06-06T06:59:32,0,80,0,80
2025-06-06T07:29:31,0,80,0,80
2025-06-06T07:59:28,0,80,0,80
2025-06-06T08:29:33,0,80,0,80
2025-06-06T08:59:27,0,80,0,80
2025-06-06T09:29:21,0,80,0,80
2025-06-06T09:59:17,0,80,0,80
2025-06-06T10:29:16,0,80,0,80
2025-06-06T10:59:21,0,80,0,80
2025-06-06T11:29:16,0,80,0,80
2025-06-06T11:59:13,0,80,0,80
2025-06-06T12:29:21,0,80,0,80
2025-06-06T12:59:17,0,80,0,80
2025-06-06T13:29:24,0,80,0,80
2025-06-06T13:59:20,0,80,0,80
2025-06-06T14:29:19,0,80,0,80
2025-06-06T14:59:24,0,80,0,80
2025-06-06T15:29:23,0,80,0,80
2025-06-06T15:59:29,0,80,0,80
2025-06-06T16:29:26,0,80,0,80
2025-06-06T16:59:22,0,80,0,80
2025-06-06T17:29:30,0,80,0,80
2025-06-06T17:59:26,0,80,0,80
2025-06-06T18:29:22,0,80,0,80
2025-06-06T18:59:28,0,80,0,80
2025-06-06T19:29:25,0,80,0,80
2025-06-06T19:59:21,0,80,0,80
2025-06-06T20:29:20,0,80,0,80
2025-06-06T20:59:27,0,80,0,80
2025-06-06T21:29:23,0,80,0,80
2025-06-06T21:59:19,0,80,0,80
2025-06-06T22:29:18,0,80,0,80
2025-06-06T22:59:24,0,80,0,80
2025-06-06T23:29:22,0,80,0,80
2025-06-06T23:59:19,0,80,0,80
2025-06-07T00:29:20,0,80,0,80
2025-06-07T00:59:24,0,80,0,80
2025-06-07T01:29:36,0,80,0,80
2025-06-07T01:59:36,0,80,0,80
2025-06-07T02:29:35,0,80,0,80
2025-06-07T02:59:32,0,80,0,80
2025-06-07T03:29:43,0,80,0,80
2025-06-07T03:59:42,0,80,0,80
2025-06-07T04:50:34,0,80,0,80
2025-06-07T05:20:34,0,80,0,80
2025-06-07T05:50:38,0,80,0,80
2025-06-07T06:20:38,0,80,0,80
2025-06-07T06:50:47,0,80,0,80
2025-06-07T07:20:49,0,80,0,80
2025-06-07T07:50:47,0,80,0,80
2025-06-07T08:20:45,0,80,0,80
2025-06-07T08:50:42,0,80,0,80
2025-06-07T09:20:48,0,80,0,80
2025-06-07T09:50:45,0,80,0,80
2025-06-07T10:20:41,0,80,0,80
2025-06-07T10:50:37,0,80,0,80
2025-06-07T11:20:34,0,80,0,80
2025-06-07T11:50:31,0,80,0,80
2025-06-07T12:20:36,0,80,0,80
2025-06-07T12:50:32,0,80,0,80
2025-06-07T13:20:29,0,80,0,80
2025-06-07T13:50:25,0,80,0,80
2025-06-07T14:20:23,0,80,0,80
2025-06-07T14:50:28,0,80,0,80
2025-06-07T15:20:25,0,80,0,80
2025-06-07T15:50:34,0,80,0,80
2025-06-07T16:20:31,0,80,0,80
2025-06-07T16:50:28,0,80,0,80
2025-06-07T17:20:24,0,80,0,80
2025-06-07T17:50:24,0,80,0,80
2025-06-07T18:20:32,0,80,0,80
2025-06-07T18:50:32,0,80,0,80
2025-06-07T19:20:29,0,80,0,80
2025-06-07T19:50:28,0,80,0,80
2025-06-07T20:20:24,0,80,0,80
2025-06-07T20:50:32,0,80,0,80
2025-06-07T21:20:29,0,80,0,80
2025-06-07T21:50:26,0,80,0,80
2025-06-07T22:20:25,0,80,0,80
2025-06-07T22:50:24,0,80,0,80
2025-06-07T23:20:31,0,80,0,80
2025-06-07T23:50:28,0,80,0,80
2025-06-08T00:20:32,0,80,0,80
2025-06-08T00:50:35,0,80,0,80
2025-06-08T01:20:37,0,80,0,80
2025-06-08T01:50:38,0,80,0,80
2025-06-08T02:20:58,0,80,0,80
2025-06-08T02:50:57,0,80,0,80
2025-06-08T03:20:59,0,80,0,80
2025-06-08T03:50:58,0,80,0,80
2025-06-08T04:52:27,0,80,0,80
2025-06-08T05:22:25,0,80,0,80
2025-06-08T05:52:26,0,80,0,80
2025-06-08T06:22:28,0,80,0,80
2025-06-08T06:52:29,0,80,0,80
2025-06-08T07:22:30,0,80,0,80
2025-06-08T07:52:33,0,80,0,80
2025-06-08T08:22:40,0,80,0,80
2025-06-08T08:52:39,0,80,0,80
2025-06-08T09:22:37,0,80,0,80
2025-06-08T09:52:35,0,80,0,80
2025-06-08T10:22:33,0,80,0,80
2025-06-08T10:52:32,0,80,0,80
2025-06-08T11:22:32,0,80,0,80
2025-06-08T11:52:31,0,80,0,80
2025-06-08T12:22:36,0,80,0,80
2025-06-08T12:52:33,0,80,0,80
2025-06-08T13:22:29,0,80,0,80
2025-06-08T13:52:35,0,80,0,80
2025-06-08T14:22:31,0,80,0,80
2025-06-08T14:52:26,0,80,0,80
2025-06-08T15:22:24,0,80,0,80
2025-06-08T15:52:29,0,80,0,80
2025-06-08T16:22:26,0,80,0,80
2025-06-08T16:52:23,0,80,0,80
2025-06-08T17:22:20,0,80,0,80
2025-06-08T17:52:25,0,80,0,80
2025-06-08T18:22:21,0,80,0,80
2025-06-08T18:52:20,0,80,0,80
2025-06-08T19:22:26,0,80,0,80
2025-06-08T19:52:22,0,80,0,80
2025-06-08T20:22:42,0,80,0,80
2025-06-08T20:52:38,0,80,0,80
2025-06-08T21:22:45,0,80,0,80
2025-06-08T21:52:46,0,80,0,80
2025-06-08T22:22:46,0,80,0,80
2025-06-08T22:52:42,0,80,0,80
2025-06-08T23:22:49,0,80,0,80
2025-06-08T23:52:46,0,80,0,80
2025-06-09T00:22:48,0,80,0,80
2025-06-09T00:52:50,0,80,0,80
2025-06-09T01:23:18,0,80,0,80
2025-06-09T01:53:18,0,80,0,80
2025-06-09T02:23:27,0,80,0,80
2025-06-09T02:53:36,0,80,0,80
2025-06-09T03:23:34,0,80,0,80
2025-06-09T03:53:32,0,80,0,80
2025-06-09T04:52:30,0,80,0,80
2025-06-09T05:22:30,0,80,0,80
2025-06-09T05:52:31,0,80,0,80
2025-06-09T06:22:33,0,80,0,80
2025-06-09T06:52:37,0,80,0,80
2025-06-09T07:22:38,0,80,0,80
2025-06-09T07:52:44,0,80,0,80
2025-06-09T08:22:40,0,80,0,80
2025-06-09T08:52:37,0,80,0,80
2025-06-09T09:22:34,0,80,0,80
2025-06-09T09:52:31,0,80,0,80
2025-06-09T10:22:40,0,80,0,80
2025-06-09T10:52:37,0,80,0,80
2025-06-09T11:22:33,0,80,0,80
2025-06-09T11:52:40,0,80,0,80
2025-06-09T12:22:36,0,80,0,80
2025-06-09T12:52:45,0,80,0,80
2025-06-09T13:22:43,0,80,0,80
2025-06-09T13:52:40,0,80,0,80
2025-06-09T14:22:49,0,80,0,80
2025-06-09T14:52:47,0,80,0,80
2025-06-09T15:22:57,0,80,0,80
2025-06-09T15:52:54,0,80,0,80
2025-06-09T16:22:52,0,80,0,80
2025-06-09T16:53:00,0,80,0,80
2025-06-09T17:22:58,0,80,0,80
2025-06-09T17:52:55,0,80,0,80
2025-06-09T18:23:03,0,80,0,80
2025-06-09T18:53:00,0,80,0,80
2025-06-09T19:22:57,0,80,0,80
2025-06-09T19:53:04,0,80,0,80
2025-06-09T20:23:01,0,80,0,80
2025-06-09T20:52:59,0,80,0,80
2025-06-09T21:22:58,0,80,0,80
2025-06-09T21:53:07,0,80,0,80
2025-06-09T22:23:04,0,80,0,80
2025-06-09T22:53:03,0,80,0,80
2025-06-09T23:23:13,0,80,0,80
2025-06-09T23:53:11,0,80,0,80
2025-06-10T00:23:11,0,80,0,80
2025-06-10T00:53:15,0,80,0,80
2025-06-10T01:23:32,0,80,0,80
2025-06-10T01:53:34,0,80,0,80
2025-06-10T02:23:38,0,80,0,80
2025-06-10T02:53:36,0,80,0,80
2025-06-10T03:23:36,0,80,0,80
2025-06-10T03:53:38,0,80,0,80
2025-06-10T04:58:46,0,80,0,80
2025-06-10T05:28:45,0,80,0,80
2025-06-10T05:58:50,0,80,0,80
2025-06-10T06:28:51,0,80,0,80
2025-06-10T06:58:59,0,80,0,80
2025-06-10T07:28:58,0,80,0,80
2025-06-10T07:59:04,0,80,0,80
2025-06-10T08:29:03,0,80,0,80
2025-06-10T08:59:02,0,80,0,80
2025-06-10T09:29:00,0,80,0,80
2025-06-10T09:59:11,0,80,0,80
2025-06-10T10:29:10,0,80,0,80
2025-06-10T10:59:10,0,80,0,80
2025-06-10T11:29:18,0,80,0,80
2025-06-10T11:59:15,0,80,0,80
2025-06-10T12:29:12,0,80,0,80
2025-06-10T12:59:20,0,80,0,80
2025-06-10T13:29:17,0,80,0,80
2025-06-10T13:59:15,0,80,0,80
2025-06-10T14:29:26,0,80,0,80
2025-06-10T14:59:24,0,80,0,80
2025-06-10T15:29:21,0,80,0,80
2025-06-10T15:59:30,0,80,0,80
2025-06-10T16:29:28,0,80,0,80
2025-06-10T16:59:35,0,80,0,80
2025-06-10T17:29:33,0,80,0,80
2025-06-10T17:59:33,0,80,0,80
2025-06-10T18:29:35,0,80,0,80
2025-06-10T18:59:43,0,80,0,80
2025-06-10T19:29:41,0,80,0,80
2025-06-10T19:59:38,0,80,0,80
2025-06-10T20:29:34,0,80,0,80
2025-06-10T20:59:42,0,80,0,80
2025-06-10T21:29:39,0,80,0,80
2025-06-10T21:59:36,0,80,0,80
2025-06-10T22:29:35,0,80,0,80
2025-06-10T22:59:43,0,80,0,80
2025-06-10T23:29:42,0,80,0,80
2025-06-10T23:59:40,0,80,0,80
2025-06-11T00:29:42,0,80,0,80
2025-06-11T00:59:54,0,80,0,80
2025-06-11T01:29:59,0,80,0,80
2025-06-11T02:00:03,0,80,0,80
2025-06-11T02:30:07,0,80,0,80
2025-06-11T03:00:11,0,80,0,80
2025-06-11T03:30:15,0,80,0,80
2025-06-11T04:00:16,0,80,0,80
2025-06-11T04:49:07,0,80,0,80
2025-06-11T05:21:03,0,80,0,80
2025-06-11T05:51:04,0,80,0,80
2025-06-11T06:21:08,0,80,0,80
2025-06-11T06:51:10,0,80,0,80
2025-06-11T07:21:12,0,80,0,80
2025-06-11T07:51:11,0,80,0,80
2025-06-11T08:21:20,0,80,0,80
2025-06-11T08:51:17,0,80,0,80
2025-06-11T09:21:15,0,80,0,80
2025-06-11T09:51:14,0,80,0,80
2025-06-11T10:21:12,0,80,0,80
2025-06-11T10:51:20,0,80,0,80
2025-06-11T11:21:19,0,80,0,80
2025-06-11T11:51:27,0,80,0,80
2025-06-11T12:21:24,0,80,0,80
2025-06-11T12:51:22,0,80,0,80
2025-06-11T13:21:33,0,80,0,80
2025-06-11T13:51:31,0,80,0,80
2025-06-11T14:21:30,0,80,0,80
2025-06-11T14:51:40,0,80,0,80
2025-06-11T15:21:41,0,80,0,80
2025-06-11T15:51:52,0,80,0,80
2025-06-11T16:21:55,0,80,0,80
2025-06-11T16:52:03,0,80,0,80
2025-06-11T17:22:03,0,80,0,80
2025-06-11T17:52:01,0,80,0,80
2025-06-11T18:22:01,0,80,0,80
2025-06-11T18:52:10,0,80,0,80
2025-06-11T19:22:09,0,80,0,80
2025-06-11T19:52:10,0,80,0,80
2025-06-11T20:22:09,0,80,0,80
2025-06-11T20:52:18,0,80,0,80
2025-06-11T21:22:16,0,80,0,80
2025-06-11T21:52:16,0,80,0,80
2025-06-11T22:22:14,0,80,0,80
2025-06-11T22:52:25,0,80,0,80
2025-06-11T23:22:23,0,80,0,80
2025-06-11T23:52:24,0,80,0,80
2025-06-12T00:22:28,0,80,0,80
2025-06-12T00:52:42,0,80,0,80
2025-06-12T01:22:45,0,80,0,80
2025-06-12T01:52:49,0,80,0,80
2025-06-12T02:22:53,0,80,0,80
2025-06-12T02:52:56,0,80,0,80
2025-06-12T03:22:56,0,80,0,80
2025-06-12T03:53:20,0,80,0,80
2025-06-12T04:48:50,0,80,0,80
2025-06-12T05:18:51,0,80,0,80
2025-06-12T05:48:53,0,80,0,80
2025-06-12T06:18:56,0,80,0,80
2025-06-12T06:48:59,0,80,0,80
2025-06-12T07:19:01,0,80,0,80
2025-06-12T07:49:09,0,80,0,80
2025-06-12T08:19:09,0,80,0,80
2025-06-12T08:49:08,0,80,0,80
2025-06-12T09:19:07,0,80,0,80
2025-06-12T09:49:06,0,80,0,80
2025-06-12T10:19:18,0,80,0,80
2025-06-12T10:49:18,0,80,0,80
2025-06-12T11:19:19,0,80,0,80
2025-06-12T11:49:31,0,80,0,80
2025-06-12T12:19:32,0,80,0,80
2025-06-12T12:49:41,0,80,0,80
2025-06-12T13:19:39,0,80,0,80
2025-06-12T13:49:38,0,80,0,80
2025-06-12T14:19:50,0,80,0,80
2025-06-12T14:49:48,0,80,0,80
2025-06-12T15:19:50,0,80,0,80
2025-06-12T15:50:00,0,80,0,80
2025-06-12T16:19:58,0,80,0,80
2025-06-12T16:49:56,0,80,0,80
2025-06-12T17:20:08,0,80,0,80
2025-06-12T17:50:07,0,80,0,80
2025-06-12T18:20:07,0,80,0,80
2025-06-12T18:50:18,0,80,0,80
2025-06-12T19:20:16,0,80,0,80
2025-06-12T19:50:15,0,80,0,80
2025-06-12T20:20:26,0,80,0,80
2025-06-12T20:50:25,0,80,0,80
2025-06-12T21:20:24,0,80,0,80
2025-06-12T21:50:25,0,80,0,80
2025-06-12T22:20:35,0,80,0,80
2025-06-12T22:50:37,0,80,0,80
2025-06-12T23:20:37,0,80,0,80
2025-06-12T23:50:36,0,80,0,80
2025-06-13T00:20:50,0,80,0,80
2025-06-13T00:50:52,0,80,0,80
2025-06-13T01:22:05,0,80,0,80
2025-06-13T01:52:03,0,80,0,80
2025-06-13T02:21:59,0,80,0,80
2025-06-13T02:52:08,0,80,0,80
2025-06-13T03:22:03,0,80,0,80
2025-06-13T03:52:00,0,80,0,80
2025-06-13T04:56:40,0,80,0,80
2025-06-13T05:26:44,0,80,0,80
2025-06-13T05:56:48,0,80,0,80
2025-06-13T06:26:50,0,80,0,80
2025-06-13T06:57:39,0,80,0,80
2025-06-13T07:27:51,0,80,0,80
2025-06-13T07:57:52,0,80,0,80
2025-06-13T08:27:51,0,80,0,80
2025-06-13T08:57:49,0,80,0,80
2025-06-13T09:27:48,0,80,0,80
2025-06-13T09:57:56,0,80,0,80
2025-06-13T10:27:56,0,80,0,80
2025-06-13T10:57:55,0,80,0,80
2025-06-13T11:28:07,0,80,0,80
2025-06-13T11:58:06,0,80,0,80
2025-06-13T12:28:04,0,80,0,80
2025-06-13T12:58:12,0,80,0,80
2025-06-13T13:28:11,0,80,0,80
2025-06-13T13:58:22,0,80,0,80
2025-06-13T14:28:20,0,80,0,80
2025-06-13T14:58:19,0,80,0,80
2025-06-13T15:28:31,0,80,0,80
2025-06-13T15:58:29,0,80,0,80
2025-06-13T16:28:40,0,80,0,80
2025-06-13T16:58:38,0,80,0,80
2025-06-13T17:28:37,0,80,0,80
2025-06-13T17:58:35,0,80,0,80
2025-06-13T18:28:48,0,80,0,80
2025-06-13T18:58:48,0,80,0,80
2025-06-13T19:28:46,0,80,0,80
2025-06-13T19:58:44,0,80,0,80
2025-06-13T20:28:55,0,80,0,80
2025-06-13T20:58:53,0,80,0,80
2025-06-13T21:28:52,0,80,0,80
2025-06-13T21:58:50,0,80,0,80
2025-06-13T22:29:00,0,80,0,80
2025-06-13T22:58:59,0,80,0,80
2025-06-13T23:29:00,0,80,0,80
2025-06-13T23:58:59,0,80,0,80
2025-06-14T00:29:03,0,80,0,80
2025-06-14T00:59:18,0,80,0,80
2025-06-14T01:29:23,0,80,0,80
2025-06-14T01:59:26,0,80,0,80
2025-06-14T02:29:31,0,80,0,80
2025-06-14T02:59:32,0,80,0,80
2025-06-14T03:29:35,0,80,0,80
2025-06-14T03:59:58,0,80,0,80
2025-06-14T04:46:58,0,80,0,80
2025-06-14T05:17:00,0,80,0,80
2025-06-14T05:47:04,0,80,0,80
2025-06-14T06:17:09,0,80,0,80
2025-06-14T06:47:11,0,80,0,80
2025-06-14T07:17:25,0,80,0,80
2025-06-14T07:47:25,0,80,0,80
2025-06-14T08:17:27,0,80,0,80
2025-06-14T08:47:28,0,80,0,80
2025-06-14T09:17:26,0,80,0,80
2025-06-14T09:47:38,0,80,0,80
2025-06-14T10:17:37,0,80,0,80
2025-06-14T10:47:37,0,80,0,80
2025-06-14T11:17:37,0,80,0,80
2025-06-14T11:47:45,0,80,0,80
2025-06-14T12:17:44,0,80,0,80
2025-06-14T12:47:45,0,80,0,80
2025-06-14T13:17:53,0,80,0,80
2025-06-14T13:47:51,0,80,0,80
2025-06-14T14:17:49,0,80,0,80
2025-06-14T14:48:00,0,80,0,80
2025-06-14T15:17:58,0,80,0,80
2025-06-14T15:47:58,0,80,0,80
2025-06-14T16:17:56,0,80,0,80
2025-06-14T16:48:05,0,80,0,80
2025-06-14T17:18:04,0,80,0,80
2025-06-14T17:48:03,0,80,0,80
2025-06-14T18:18:16,0,80,0,80
2025-06-14T18:48:18,0,80,0,80
2025-06-14T19:18:18,0,80,0,80
2025-06-14T19:48:18,0,80,0,80
2025-06-14T20:18:26,0,80,0,80
2025-06-14T20:48:25,0,80,0,80
2025-06-14T21:18:23,0,80,0,80
2025-06-14T21:48:24,0,80,0,80
2025-06-14T22:18:34,0,80,0,80
2025-06-14T22:48:34,0,80,0,80
2025-06-14T23:18:33,0,80,0,80
2025-06-14T23:48:33,0,80,0,80
2025-06-15T00:18:43,0,80,0,80
2025-06-15T01:22:48,0,80,0,80
2025-06-15T01:52:55,0,80,0,80
2025-06-15T02:23:03,0,80,0,80
2025-06-15T02:53:07,0,80,0,80
2025-06-15T03:23:07,0,80,0,80
2025-06-15T03:53:17,0,80,0,80
2025-06-15T04:43:55,0,80,0,80
2025-06-15T05:14:28,0,80,0,80
2025-06-15T05:44:52,0,80,0,80
2025-06-15T06:15:44,0,80,0,80
2025-06-15T06:45:50,0,80,0,80
2025-06-15T07:15:59,0,80,0,80
2025-06-15T07:46:01,0,80,0,80
2025-06-15T08:16:04,0,80,0,80
2025-06-15T08:46:06,0,80,0,80
2025-06-15T09:16:09,0,80,0,80
2025-06-15T09:46:11,0,80,0,80
2025-06-15T10:16:25,0,80,0,80
2025-06-15T10:46:26,0,80,0,80
2025-06-15T11:16:24,0,80,0,80
2025-06-15T11:46:24,0,80,0,80
2025-06-15T12:16:31,0,80,0,80
2025-06-15T12:46:30,0,80,0,80
2025-06-15T13:16:38,0,80,0,80
2025-06-15T13:46:35,0,80,0,80
2025-06-15T14:16:33,0,80,0,80
2025-06-15T14:46:41,0,80,0,80
2025-06-15T15:16:39,0,80,0,80
2025-06-15T15:46:47,0,80,0,80
2025-06-15T16:16:45,0,80,0,80
2025-06-15T16:46:43,0,80,0,80
2025-06-15T17:16:52,0,80,0,80
2025-06-15T17:46:50,0,80,0,80
2025-06-15T18:16:49,0,80,0,80
2025-06-15T18:46:59,0,80,0,80
2025-06-15T19:16:58,0,80,0,80
2025-06-15T19:46:57,0,80,0,80
2025-06-15T20:16:57,0,80,0,80
2025-06-15T20:47:05,0,80,0,80
2025-06-15T21:17:03,0,80,0,80
2025-06-15T21:47:05,0,80,0,80
2025-06-15T22:17:14,0,80,0,80
2025-06-15T22:47:13,0,80,0,80
2025-06-15T23:17:12,0,80,0,80
2025-06-15T23:47:23,0,80,0,80
2025-06-16T00:17:24,0,80,0,80
2025-06-16T00:47:31,0,80,0,80
2025-06-16T01:17:43,0,80,0,80
2025-06-16T01:47:46,0,80,0,80
2025-06-16T02:17:49,0,80,0,80
2025-06-16T02:47:52,0,80,0,80
2025-06-16T03:17:53,0,80,0,80
2025-06-16T03:47:52,0,80,0,80
2025-06-16T04:56:44,0,80,0,80
2025-06-16T05:26:46,0,80,0,80
2025-06-16T05:56:48,0,80,0,80
2025-06-16T06:26:51,0,80,0,80
2025-06-16T06:57:00,0,80,0,80
2025-06-16T07:27:00,0,80,0,80
2025-06-16T07:57:11,0,80,0,80
2025-06-16T08:27:10,0,80,0,80
2025-06-16T08:57:09,0,80,0,80
2025-06-16T09:27:09,0,80,0,80
2025-06-16T09:57:22,0,80,0,80
2025-06-16T10:27:23,0,80,0,80
2025-06-16T10:57:38,0,80,0,80
2025-06-16T11:27:38,0,80,0,80
2025-06-16T11:57:49,0,80,0,80
2025-06-16T12:27:49,0,80,0,80
2025-06-16T12:58:00,0,80,0,80
2025-06-16T13:28:00,0,80,0,80
2025-06-16T13:58:14,0,80,0,80
2025-06-16T14:28:29,0,80,0,80
2025-06-16T14:58:28,0,80,0,80
2025-06-16T15:28:41,0,80,0,80
2025-06-16T15:58:40,0,80,0,80
2025-06-16T16:28:52,0,80,0,80
2025-06-16T16:58:52,0,80,0,80
2025-06-16T17:29:05,0,80,0,80
2025-06-16T17:59:05,0,80,0,80
2025-06-16T18:29:17,0,80,0,80
2025-06-16T18:59:17,0,80,0,80
2025-06-16T19:29:28,0,80,0,80
2025-06-16T19:59:27,0,80,0,80
2025-06-16T20:29:38,0,80,0,80
2025-06-16T20:59:37,0,80,0,80
2025-06-16T21:29:51,0,80,0,80
2025-06-16T21:59:50,0,80,0,80
2025-06-16T22:30:02,0,80,0,80
2025-06-16T23:00:02,0,80,0,80
2025-06-16T23:30:02,0,80,0,80
2025-06-17T00:00:15,0,80,0,80
2025-06-17T00:30:18,0,80,0,80
2025-06-17T01:00:34,0,80,0,80
2025-06-17T01:30:38,0,80,0,80
2025-06-17T02:00:43,0,80,0,80
2025-06-17T02:30:45,0,80,0,80
2025-06-17T03:01:10,0,80,0,80
2025-06-17T03:31:23,0,80,0,80
2025-06-17T04:01:24,0,80,0,80
2025-06-17T04:58:45,0,80,0,80
2025-06-17T05:28:47,0,80,0,80
2025-06-17T05:58:52,0,80,0,80
2025-06-17T06:28:53,0,80,0,80
2025-06-17T06:58:56,0,80,0,80
2025-06-17T07:29:06,0,80,0,80
2025-06-17T07:59:07,0,80,0,80
2025-06-17T08:29:07,0,80,0,80
2025-06-17T08:59:19,0,80,0,80
2025-06-17T09:29:18,0,80,0,80
2025-06-17T09:59:29,0,80,0,80
2025-06-17T10:29:29,0,80,0,80
2025-06-17T10:59:42,0,80,0,80
2025-06-17T11:29:42,0,80,0,80
2025-06-17T11:59:53,0,80,0,80
2025-06-17T12:30:03,0,80,0,80
2025-06-17T12:59:59,0,80,0,80
2025-06-17T13:30:07,0,80,0,80
2025-06-17T14:00:17,0,80,0,80
2025-06-17T14:30:16,0,80,0,80
2025-06-17T15:00:23,0,80,0,80
2025-06-17T15:30:36,0,80,0,80
2025-06-17T16:00:48,0,80,0,80
2025-06-17T16:30:48,0,80,0,80
2025-06-17T17:00:58,0,80,0,80
2025-06-17T17:31:00,0,80,0,80
2025-06-17T18:01:12,0,80,0,80
2025-06-17T18:31:24,0,80,0,80
2025-06-17T19:01:25,0,80,0,80
2025-06-17T19:31:37,0,80,0,80
2025-06-17T20:01:49,0,80,0,80
2025-06-17T20:31:50,0,80,0,80
2025-06-17T21:02:03,0,80,0,80
2025-06-17T21:32:03,0,80,0,80
2025-06-17T22:02:16,0,80,0,80
2025-06-17T22:32:19,0,80,0,80
2025-06-17T23:02:35,0,80,0,80
2025-06-17T23:32:51,0,80,0,80
2025-06-18T00:02:52,0,80,0,80
2025-06-18T00:33:17,0,80,0,80
2025-06-18T01:03:23,0,80,0,80
2025-06-18T01:33:43,0,80,0,80
2025-06-18T02:03:56,0,80,0,80
2025-06-18T02:34:00,0,80,0,80
2025-06-18T03:04:15,0,80,0,80
2025-06-18T03:34:18,0,80,0,80
2025-06-18T04:04:22,0,80,0,80
2025-06-18T04:46:56,0,80,0,80
2025-06-18T05:17:00,0,80,0,80
2025-06-18T05:47:02,0,80,0,80
2025-06-18T06:17:06,0,80,0,80
2025-06-18T06:47:21,0,80,0,80
2025-06-18T07:17:23,0,80,0,80
2025-06-18T07:47:26,0,80,0,80
2025-06-18T08:17:39,0,80,0,80
2025-06-18T08:47:41,0,80,0,80
2025-06-18T09:17:54,0,80,0,80
2025-06-18T09:47:57,0,80,0,80
2025-06-18T10:18:13,0,80,0,80
2025-06-18T10:48:26,0,80,0,80
2025-06-18T11:18:30,0,80,0,80
2025-06-18T11:48:49,0,80,0,80
2025-06-18T12:19:07,0,80,0,80
2025-06-18T12:49:21,0,80,0,80
2025-06-18T13:19:30,0,80,0,80
2025-06-18T13:49:44,0,80,0,80
2025-06-18T14:19:48,0,80,0,80
2025-06-18T14:50:02,0,80,0,80
2025-06-18T15:20:18,0,80,0,80
2025-06-18T15:50:22,0,80,0,80
2025-06-18T16:20:35,0,80,0,80
2025-06-18T16:50:39,0,80,0,80
2025-06-18T17:20:54,0,80,0,80
2025-06-18T17:50:59,0,80,0,80
2025-06-18T18:21:13,0,80,0,80
2025-06-18T18:51:17,0,80,0,80
2025-06-18T19:21:31,0,80,0,80
2025-06-18T19:51:33,0,80,0,80
2025-06-18T20:21:48,0,80,0,80
2025-06-18T20:51:55,0,80,0,80
2025-06-18T21:21:57,0,80,0,80
2025-06-18T21:52:10,0,80,0,80
2025-06-18T22:22:16,0,80,0,80
2025-06-18T22:52:33,0,80,0,80
2025-06-18T23:22:38,0,80,0,80
2025-06-18T23:52:42,0,80,0,80
2025-06-19T00:22:58,0,80,0,80
2025-06-19T00:53:56,0,80,0,80
2025-06-19T01:24:04,0,80,0,80
2025-06-19T01:54:09,0,80,0,80
2025-06-19T02:24:28,0,80,0,80
2025-06-19T02:54:31,0,80,0,80
2025-06-19T03:24:50,0,80,0,80
2025-06-19T03:54:53,0,80,0,80
2025-06-19T04:59:35,0,80,0,80
2025-06-19T05:29:38,0,80,0,80
2025-06-19T05:59:46,0,80,0,80
2025-06-19T06:29:50,0,80,0,80
2025-06-19T06:59:54,0,80,0,80
2025-06-19T07:29:57,0,80,0,80
2025-06-19T08:00:10,0,80,0,80
2025-06-19T08:30:11,0,80,0,80
2025-06-19T09:00:12,0,80,0,80
2025-06-19T09:30:13,0,80,0,80
2025-06-19T10:00:24,0,80,0,80
2025-06-19T10:30:25,0,80,0,80
2025-06-19T11:00:26,0,80,0,80
2025-06-19T11:30:28,0,80,0,80
2025-06-19T12:00:38,0,80,0,80
2025-06-19T12:30:41,0,80,0,80
2025-06-19T13:00:50,0,80,0,80
2025-06-19T13:30:51,0,80,0,80
2025-06-19T14:00:53,0,80,0,80
2025-06-19T14:31:04,0,80,0,80
2025-06-19T15:01:05,0,80,0,80
2025-06-19T15:31:16,0,80,0,80
2025-06-19T16:01:17,0,80,0,80
2025-06-19T16:31:18,0,80,0,80
2025-06-19T17:01:30,0,80,0,80
2025-06-19T17:31:31,0,80,0,80
2025-06-19T18:01:33,0,80,0,80
2025-06-19T18:31:34,0,80,0,80
2025-06-19T19:01:45,0,80,0,80
2025-06-19T19:31:46,0,80,0,80
2025-06-19T20:01:48,0,80,0,80
2025-06-19T20:31:59,0,80,0,80
2025-06-19T21:02:00,0,80,0,80
2025-06-19T21:32:12,0,80,0,80
2025-06-19T22:02:13,0,80,0,80
2025-06-19T22:32:15,0,80,0,80
2025-06-19T23:02:16,0,80,0,80
2025-06-19T23:32:33,0,80,0,80
2025-06-20T00:02:35,0,80,0,80
2025-06-20T00:33:11,0,80,0,80
2025-06-20T01:03:30,0,80,0,80
2025-06-20T01:33:45,0,80,0,80
2025-06-20T02:03:50,0,80,0,80
2025-06-20T02:33:54,0,80,0,80
2025-06-20T03:03:57,0,80,0,80
2025-06-20T03:33:59,0,80,0,80
2025-06-20T04:04:15,0,80,0,80
2025-06-20T04:54:29,0,80,0,80
2025-06-20T05:24:33,0,80,0,80
2025-06-20T05:54:38,0,80,0,80
2025-06-20T06:24:43,0,80,0,80
2025-06-20T06:54:48,0,80,0,80
2025-06-20T07:24:51,0,80,0,80
2025-06-20T07:54:55,0,80,0,80
2025-06-20T08:25:06,0,80,0,80
2025-06-20T08:55:07,0,80,0,80
2025-06-20T09:25:09,0,80,0,80
2025-06-20T09:55:10,0,80,0,80
2025-06-20T10:25:25,0,80,0,80
2025-06-20T10:55:27,0,80,0,80
2025-06-20T11:25:28,0,80,0,80
2025-06-20T11:55:42,0,80,0,80
2025-06-20T12:25:43,0,80,0,80
2025-06-20T12:55:44,0,80,0,80
2025-06-20T13:25:58,0,80,0,80
2025-06-20T13:55:59,0,80,0,80
2025-06-20T14:26:01,0,80,0,80
2025-06-20T14:56:13,0,80,0,80
2025-06-20T15:26:15,0,80,0,80
2025-06-20T15:56:31,0,80,0,80
2025-06-20T16:26:34,0,80,0,80
2025-06-20T16:56:35,0,80,0,80
2025-06-20T17:26:48,0,80,0,80
2025-06-20T17:56:49,0,80,0,80
2025-06-20T18:26:52,0,80,0,80
2025-06-20T18:56:53,0,80,0,80
2025-06-20T19:27:03,0,80,0,80
2025-06-20T19:57:04,0,80,0,80
2025-06-20T20:27:04,0,80,0,80
2025-06-20T20:57:05,0,80,0,80
2025-06-20T21:27:15,0,80,0,80
2025-06-20T21:57:17,0,80,0,80
2025-06-20T22:27:18,0,80,0,80
2025-06-20T22:57:33,0,80,0,80
2025-06-20T23:28:16,0,80,0,80
2025-06-20T23:58:17,0,80,0,80
2025-06-21T00:28:51,0,80,0,80
2025-06-21T00:59:29,0,80,0,80
2025-06-21T01:29:38,0,80,0,80
2025-06-21T01:59:44,0,80,0,80
2025-06-21T02:29:50,0,80,0,80
2025-06-21T02:59:54,0,80,0,80
2025-06-21T03:30:36,0,80,0,80
2025-06-21T04:00:41,0,80,0,80
2025-06-21T04:54:28,0,80,0,80
2025-06-21T05:24:31,0,80,0,80
2025-06-21T05:54:35,0,80,0,80
2025-06-21T06:24:40,0,80,0,80
2025-06-21T06:54:46,0,80,0,80
2025-06-21T07:24:58,0,80,0,80
2025-06-21T07:55:01,0,80,0,80
2025-06-21T08:25:03,0,80,0,80
2025-06-21T08:55:04,0,80,0,80
2025-06-21T09:25:05,0,80,0,80
2025-06-21T09:55:16,0,80,0,80
2025-06-21T10:25:17,0,80,0,80
2025-06-21T10:55:17,0,80,0,80
2025-06-21T11:25:17,0,80,0,80
2025-06-21T11:55:28,0,80,0,80
2025-06-21T12:25:29,0,80,0,80
2025-06-21T12:55:29,0,80,0,80
2025-06-21T13:25:32,0,80,0,80
2025-06-21T13:55:42,0,80,0,80
2025-06-21T14:25:43,0,80,0,80
2025-06-21T14:55:43,0,80,0,80
2025-06-21T15:25:44,0,80,0,80
2025-06-21T15:55:55,0,80,0,80
2025-06-21T16:25:56,0,80,0,80
2025-06-21T16:55:56,0,80,0,80
2025-06-21T17:25:58,0,80,0,80
2025-06-21T17:56:08,0,80,0,80
2025-06-21T18:26:08,0,80,0,80
2025-06-21T18:56:11,0,80,0,80
2025-06-21T19:26:11,0,80,0,80
2025-06-21T19:56:22,0,80,0,80
2025-06-21T20:26:22,0,80,0,80
2025-06-21T20:56:22,0,80,0,80
2025-06-21T21:26:23,0,80,0,80
2025-06-21T21:56:34,0,80,0,80
2025-06-21T22:26:35,0,80,0,80
2025-06-21T22:56:37,0,80,0,80
2025-06-21T23:26:40,0,80,0,80
2025-06-21T23:56:52,0,80,0,80
2025-06-22T00:27:00,0,80,0,80
2025-06-22T00:57:08,0,80,0,80
2025-06-22T01:27:14,0,80,0,80
2025-06-22T01:57:19,0,80,0,80
2025-06-22T02:27:36,0,80,0,80
2025-06-22T02:58:01,0,80,0,80
2025-06-22T03:28:07,0,80,0,80
2025-06-22T03:58:11,0,80,0,80
2025-06-25T11:31:25,0,80,0,80
2025-06-25T12:01:29,0,80,0,80
2025-06-25T12:31:45,0,80,0,80
2025-06-25T13:01:49,0,80,0,80
2025-06-25T13:31:51,0,80,0,80
2025-06-25T14:01:55,0,80,0,80
2025-06-25T14:32:10,0,80,0,80
2025-06-25T15:02:13,0,80,0,80
2025-06-25T15:32:30,0,80,0,80
2025-06-25T16:02:33,0,80,0,80
2025-06-25T16:32:37,0,80,0,80
2025-06-25T17:02:50,0,80,0,80
2025-06-25T17:32:54,0,80,0,80
2025-06-25T18:02:58,0,80,0,80
2025-06-25T18:33:01,0,80,0,80
2025-06-25T19:03:16,0,80,0,80
2025-06-25T19:33:19,0,80,0,80
2025-06-25T20:03:23,0,80,0,80
2025-06-25T20:33:26,0,80,0,80
2025-06-25T21:03:39,0,80,0,80
2025-06-25T21:33:41,0,80,0,80
2025-06-25T22:03:44,0,80,0,80
2025-06-25T22:33:58,0,80,0,80
2025-06-25T23:04:00,0,80,0,80
2025-06-25T23:34:03,0,80,0,80
2025-06-26T00:04:06,0,80,0,80
2025-06-26T00:34:25,0,80,0,80
2025-06-26T01:04:32,0,80,0,80
2025-06-26T01:34:40,0,80,0,80
2025-06-26T02:04:48,0,80,0,80
2025-06-26T02:34:54,0,80,0,80
2025-06-26T03:05:01,0,80,0,80
2025-06-26T03:35:18,0,80,0,80
2025-06-26T04:05:35,0,80,0,80
2025-06-26T04:47:34,0,80,0,80
2025-06-26T05:17:39,0,80,0,80
2025-06-26T05:47:50,0,80,0,80
2025-06-26T06:17:58,0,80,0,80
2025-06-26T06:48:19,0,80,0,80
2025-06-26T07:18:26,0,80,0,80
2025-06-26T07:48:30,0,80,0,80
2025-06-26T08:18:34,0,80,0,80
2025-06-26T08:48:39,0,80,0,80
2025-06-26T09:18:43,0,80,0,80
2025-06-26T09:48:59,0,80,0,80
2025-06-26T10:19:01,0,80,0,80
2025-06-26T10:49:04,0,80,0,80
2025-06-26T11:19:09,0,80,0,80
2025-06-26T11:49:23,0,80,0,80
2025-06-26T12:19:25,0,80,0,80
2025-06-26T12:49:28,0,80,0,80
2025-06-26T13:19:32,0,80,0,80
2025-06-26T13:49:47,0,80,0,80
2025-06-26T14:19:50,0,80,0,80
2025-06-26T14:49:53,0,80,0,80
2025-06-26T15:20:14,0,80,0,80
2025-06-26T15:50:17,0,80,0,80
2025-06-26T16:20:24,0,80,0,80
2025-06-26T16:50:36,0,80,0,80
2025-06-26T17:20:39,0,80,0,80
2025-06-26T17:50:42,0,80,0,80
2025-06-26T18:20:48,0,80,0,80
2025-06-26T18:51:11,0,80,0,80
2025-06-26T19:21:58,0,80,0,80
2025-06-26T19:53:10,0,80,0,80
2025-06-26T20:23:44,0,80,0,80
2025-06-26T20:54:58,0,80,0,80
2025-06-26T21:25:33,0,80,0,80
2025-06-26T21:56:46,0,80,0,80
2025-06-26T22:27:30,0,80,0,80
2025-06-26T22:58:20,0,80,0,80
2025-06-26T23:29:13,0,80,0,80
2025-06-26T23:59:49,0,80,0,80
2025-06-27T00:30:07,0,80,0,80
2025-06-27T01:00:38,0,80,0,80
2025-06-27T01:31:41,0,80,0,80
2025-06-27T02:02:21,0,80,0,80
2025-06-27T02:33:27,0,80,0,80
2025-06-27T03:04:21,0,80,0,80
2025-06-27T03:35:12,0,80,0,80
2025-06-27T04:05:45,0,80,0,80
2025-06-27T15:53:25,0,80,0,80
2025-06-27T16:24:06,0,80,0,80
2025-06-27T16:54:45,0,80,0,80
2025-06-27T17:25:14,0,80,0,80
2025-06-27T17:55:39,0,80,0,80
2025-06-27T18:26:30,0,80,0,80
2025-06-27T18:57:09,0,80,0,80
2025-06-27T19:27:40,0,80,0,80
2025-06-27T19:58:08,0,80,0,80
2025-06-27T20:29:00,0,80,0,80
2025-06-27T20:59:37,0,80,0,80
2025-06-27T21:30:12,0,80,0,80
2025-06-27T22:00:48,0,80,0,80
2025-06-27T22:31:18,0,80,0,80
2025-06-27T23:02:02,0,80,0,80
2025-06-27T23:33:06,0,80,0,80
2025-06-28T00:04:21,0,80,0,80
2025-06-28T00:35:31,0,80,0,80
2025-06-28T01:06:15,0,80,0,80
2025-06-28T01:36:56,0,80,0,80
2025-06-28T02:07:19,0,80,0,80
2025-06-28T02:38:18,0,80,0,80
2025-06-28T03:09:22,0,80,0,80
2025-06-28T03:40:45,0,80,0,80
2025-06-28T04:11:38,0,80,0,80
2025-06-28T04:55:17,0,80,0,80
2025-06-28T05:26:15,0,80,0,80
2025-06-28T05:56:55,0,80,0,80
2025-06-28T06:27:38,0,80,0,80
2025-06-28T06:58:06,0,80,0,80
2025-06-28T07:28:31,0,80,0,80
2025-06-28T07:59:35,0,80,0,80
2025-06-28T08:29:58,0,80,0,80
2025-06-28T09:00:15,0,80,0,80
2025-06-28T09:30:37,0,80,0,80
2025-06-28T10:00:55,0,80,0,80
2025-06-28T10:31:29,0,80,0,80
2025-06-28T11:02:23,0,80,0,80
2025-06-28T11:33:13,0,80,0,80
2025-06-28T12:04:04,0,80,0,80
2025-06-28T12:34:35,0,80,0,80
2025-06-28T13:05:16,0,80,0,80
2025-06-28T13:36:17,0,80,0,80
2025-06-28T14:07:12,0,80,0,80
2025-06-28T14:37:35,0,80,0,80
2025-06-28T15:08:23,0,80,0,80
2025-06-28T15:38:46,0,80,0,80
2025-06-28T16:09:12,0,80,0,80
2025-06-28T16:40:09,0,80,0,80
2025-06-28T17:10:51,0,80,0,80
2025-06-28T17:41:52,0,80,0,80
2025-06-28T18:12:26,0,80,0,80
2025-06-28T18:43:13,0,80,0,80
2025-06-28T19:13:49,0,80,0,80
2025-06-28T19:44:38,0,80,0,80
2025-06-28T20:15:28,0,80,0,80
2025-06-28T20:46:14,0,80,0,80
2025-06-28T21:16:34,0,80,0,80
2025-06-28T21:47:30,0,80,0,80
2025-06-28T22:17:53,0,80,0,80
2025-06-28T22:48:14,0,80,0,80
2025-06-28T23:18:52,0,80,0,80
2025-06-28T23:49:35,0,80,0,80
2025-06-29T00:20:22,0,80,0,80
2025-06-29T00:51:19,0,80,0,80
2025-06-29T01:22:14,0,80,0,80
2025-06-29T01:53:18,0,80,0,80
2025-06-29T02:23:59,0,80,0,80
2025-06-29T02:54:31,0,80,0,80
2025-06-29T03:25:17,0,80,0,80
2025-06-29T03:56:08,0,80,0,80
2025-06-29T04:50:37,0,80,0,80
2025-06-29T05:22:51,0,80,0,80
2025-06-29T05:54:01,0,80,0,80
2025-06-29T06:25:01,0,80,0,80
2025-06-29T06:55:42,0,80,0,80
2025-06-29T07:26:21,0,80,0,80
2025-06-29T07:57:30,0,80,0,80
2025-06-29T08:28:05,0,80,0,80
2025-06-29T08:58:28,0,80,0,80
2025-06-29T09:28:45,0,80,0,80
2025-06-29T09:59:27,0,80,0,80
2025-06-29T10:29:57,0,80,0,80
2025-06-29T11:00:38,0,80,0,80
2025-06-29T11:31:06,0,80,0,80
2025-06-29T12:01:35,0,80,0,80
2025-06-29T12:32:13,0,80,0,80
2025-06-29T13:02:25,0,80,0,80
2025-06-29T13:33:00,0,80,0,80
2025-06-29T14:03:36,0,80,0,80
2025-06-29T14:34:17,0,80,0,80
2025-06-29T15:04:48,0,80,0,80
2025-06-29T15:35:07,0,80,0,80
2025-06-29T16:05:24,0,80,0,80
2025-06-29T16:36:15,0,80,0,80
2025-06-29T17:06:42,0,80,0,80
2025-06-29T17:37:04,0,80,0,80
2025-06-29T18:07:37,0,80,0,80
2025-06-29T18:38:10,0,80,0,80
2025-06-29T19:08:25,0,80,0,80
2025-06-29T19:39:25,0,80,0,80
2025-06-29T20:09:50,0,80,0,80
2025-06-29T20:40:20,0,80,0,80
2025-06-29T21:10:44,0,80,0,80
2025-06-29T21:41:48,0,80,0,80
2025-06-29T22:12:20,0,80,0,80
2025-06-29T22:42:31,0,80,0,80
2025-06-29T23:12:53,0,80,0,80
2025-06-29T23:43:17,0,80,0,80
2025-06-30T00:13:43,0,80,0,80
2025-06-30T00:43:58,0,80,0,80
2025-06-30T01:14:25,0,80,0,80
2025-06-30T01:45:08,0,80,0,80
2025-06-30T02:15:54,0,80,0,80
2025-06-30T02:46:31,0,80,0,80
2025-06-30T03:17:07,0,80,0,80
2025-06-30T03:48:01,0,80,0,80
2025-06-30T04:51:48,0,80,0,80
2025-06-30T05:22:14,0,80,0,80
2025-06-30T05:52:49,0,80,0,80
2025-06-30T06:23:41,0,80,0,80
2025-06-30T06:54:05,0,80,0,80
2025-06-30T07:24:44,0,80,0,80
2025-06-30T07:55:09,0,80,0,80
2025-06-30T08:26:01,0,80,0,80
2025-06-30T08:56:44,0,80,0,80
2025-06-30T09:27:11,0,80,0,80
2025-06-30T09:57:59,0,80,0,80
2025-06-30T10:29:01,0,80,0,80
2025-06-30T11:00:04,0,80,0,80
2025-06-30T11:30:47,0,80,0,80
2025-06-30T12:01:30,0,80,0,80
2025-06-30T12:31:55,0,80,0,80
2025-06-30T13:02:47,0,80,0,80
2025-06-30T13:33:28,0,80,0,80
2025-06-30T14:04:28,0,80,0,80
2025-06-30T14:35:38,0,80,0,80
2025-06-30T15:06:10,0,80,0,80
2025-06-30T15:36:34,0,80,0,80
2025-06-30T16:07:10,0,80,0,80
2025-06-30T16:37:57,0,80,0,80
2025-06-30T17:09:00,0,80,0,80
2025-06-30T17:39:46,0,80,0,80
2025-06-30T18:10:02,0,80,0,80
2025-06-30T18:40:27,0,80,0,80
2025-06-30T19:11:10,0,80,0,80
2025-06-30T19:41:32,0,80,0,80
2025-06-30T20:11:48,0,80,0,80
2025-06-30T20:42:30,0,80,0,80
2025-06-30T21:13:15,0,80,0,80
2025-06-30T21:44:06,0,80,0,80
2025-06-30T22:15:31,0,80,0,80
2025-06-30T22:46:14,0,80,0,80
2025-06-30T23:16:46,0,80,0,80
2025-06-30T23:47:26,0,80,0,80
2025-07-01T00:18:30,0,80,0,80
2025-07-01T00:49:57,0,80,0,80
2025-07-01T01:20:33,0,80,0,80
2025-07-01T01:50:51,0,80,0,80
2025-07-01T02:21:18,0,80,0,80
2025-07-01T02:51:39,0,80,0,80
2025-07-01T03:22:17,0,80,0,80
2025-07-01T03:53:04,0,80,0,80
2025-07-01T04:53:02,0,80,0,80
2025-07-01T05:23:22,0,80,0,80
2025-07-01T05:53:45,0,80,0,80
2025-07-01T06:24:19,0,80,0,80
2025-07-01T06:54:50,0,80,0,80
2025-07-01T07:25:12,0,80,0,80
2025-07-01T07:55:37,0,80,0,80
2025-07-01T08:26:21,0,80,0,80
2025-07-01T08:56:42,0,80,0,80
2025-07-01T09:27:28,0,80,0,80
2025-07-01T09:57:56,0,80,0,80
2025-07-01T10:29:14,0,80,0,80
2025-07-01T11:00:08,0,80,0,80
2025-07-01T11:31:07,0,80,0,80
2025-07-01T12:02:05,0,80,0,80
2025-07-01T12:32:45,0,80,0,80
2025-07-01T13:04:03,0,80,0,80
2025-07-01T13:34:36,0,80,0,80
2025-07-01T14:05:29,0,80,0,80
2025-07-01T14:36:11,0,80,0,80
2025-07-01T15:06:30,0,80,0,80
2025-07-01T15:37:20,0,80,0,80
2025-07-01T16:08:08,0,80,0,80
2025-07-01T16:38:44,0,80,0,80
2025-07-01T17:09:43,0,80,0,80
2025-07-01T17:40:17,0,80,0,80
2025-07-01T18:11:09,0,80,0,80
2025-07-01T18:42:16,0,80,0,80
2025-07-01T19:13:25,0,80,0,80
2025-07-01T19:43:59,0,80,0,80
2025-07-01T20:14:13,0,80,0,80
2025-07-01T20:44:38,0,80,0,80
2025-07-01T21:14:53,0,80,0,80
2025-07-01T21:45:33,0,80,0,80
2025-07-01T22:16:18,0,80,0,80
2025-07-01T22:46:52,0,80,0,80
2025-07-01T23:17:23,0,80,0,80
2025-07-01T23:47:44,0,80,0,80
2025-07-02T00:18:34,0,80,0,80
2025-07-02T00:49:18,0,80,0,80
2025-07-02T01:20:05,0,80,0,80
2025-07-02T01:50:35,0,80,0,80
2025-07-02T02:21:04,0,80,0,80
2025-07-02T02:51:27,0,80,0,80
2025-07-02T03:21:57,0,80,0,80
2025-07-02T03:52:44,0,80,0,80
2025-07-02T04:49:46,0,80,0,80
2025-07-02T05:20:36,0,80,0,80
2025-07-02T05:51:15,0,80,0,80
2025-07-02T06:21:58,0,80,0,80
2025-07-02T06:52:40,0,80,0,80
2025-07-02T07:23:14,0,80,0,80
2025-07-02T07:53:47,0,80,0,80
2025-07-02T08:24:47,0,80,0,80
2025-07-02T08:55:17,0,80,0,80
2025-07-02T09:25:33,0,80,0,80
2025-07-02T09:56:36,0,80,0,80
2025-07-02T10:27:46,0,80,0,80
2025-07-02T10:58:48,0,80,0,80
2025-07-02T11:29:44,0,80,0,80
2025-07-02T12:00:51,0,80,0,80
2025-07-02T12:32:12,0,80,0,80
2025-07-02T13:03:15,0,80,0,80
2025-07-02T13:34:12,0,80,0,80
2025-07-02T14:04:51,0,80,0,80
2025-07-02T14:35:49,0,80,0,80
2025-07-02T15:06:25,0,80,0,80
2025-07-02T15:37:30,0,80,0,80
2025-07-02T16:08:15,0,80,0,80
2025-07-02T16:38:55,0,80,0,80
2025-07-02T17:09:17,0,80,0,80
2025-07-02T17:39:43,0,80,0,80
2025-07-02T18:10:25,0,80,0,80
2025-07-02T18:41:08,0,80,0,80
2025-07-02T19:11:45,0,80,0,80
2025-07-02T19:42:04,0,80,0,80
2025-07-02T20:12:40,0,80,0,80
2025-07-02T20:43:08,0,80,0,80
2025-07-02T21:13:34,0,80,0,80
2025-07-02T21:43:59,0,80,0,80
2025-07-02T22:14:26,0,80,0,80
2025-07-02T22:44:49,0,80,0,80
2025-07-02T23:15:13,0,80,0,80
2025-07-02T23:45:32,0,80,0,80
2025-07-03T00:16:27,0,80,0,80
2025-07-03T00:47:38,0,80,0,80
2025-07-03T01:18:15,0,80,0,80
2025-07-03T01:48:56,0,80,0,80
2025-07-03T02:19:59,0,80,0,80
2025-07-03T02:51:10,0,80,0,80
2025-07-03T03:22:09,0,80,0,80
2025-07-03T03:52:36,0,80,0,80
2025-07-03T04:48:01,0,80,0,80
2025-07-03T05:18:47,0,80,0,80
2025-07-03T05:50:01,0,80,0,80
2025-07-03T06:21:02,0,80,0,80
2025-07-03T06:51:35,0,80,0,80
2025-07-03T07:21:52,0,80,0,80
2025-07-03T07:52:42,0,80,0,80
2025-07-03T08:23:46,0,80,0,80
2025-07-03T08:54:03,0,80,0,80
2025-07-03T09:24:47,0,80,0,80
2025-07-03T09:55:20,0,80,0,80
2025-07-03T10:25:51,0,80,0,80
2025-07-03T10:56:28,0,80,0,80
2025-07-03T11:27:29,0,80,0,80
2025-07-03T11:58:18,0,80,0,80
2025-07-03T12:29:10,0,80,0,80
2025-07-03T13:00:01,0,80,0,80
2025-07-03T13:31:11,0,80,0,80
2025-07-03T14:02:35,0,80,0,80
2025-07-03T14:32:49,0,80,0,80
2025-07-03T15:03:11,0,80,0,80
2025-07-03T15:33:26,0,80,0,80
2025-07-03T16:04:05,0,80,0,80
2025-07-03T16:34:37,0,80,0,80
2025-07-03T17:05:22,0,80,0,80
2025-07-03T17:35:57,0,80,0,80
2025-07-03T18:07:08,0,80,0,80
2025-07-03T18:38:01,0,80,0,80
2025-07-03T19:08:38,0,80,0,80
2025-07-03T19:39:22,0,80,0,80
2025-07-03T20:10:07,0,80,0,80
2025-07-03T20:40:45,0,80,0,80
2025-07-03T21:11:23,0,80,0,80
2025-07-03T21:41:56,0,80,0,80
2025-07-03T22:12:47,0,80,0,80
2025-07-03T22:43:28,0,80,0,80
2025-07-03T23:14:03,0,80,0,80
2025-07-03T23:44:30,0,80,0,80
2025-07-04T00:15:12,0,80,0,80
2025-07-04T00:45:36,0,80,0,80
2025-07-04T01:16:04,0,80,0,80
2025-07-04T01:46:58,0,80,0,80
2025-07-04T02:17:52,0,80,0,80
2025-07-04T02:48:35,0,80,0,80
2025-07-04T03:19:12,0,80,0,80
2025-07-04T03:50:21,0,80,0,80
2025-07-04T04:54:09,0,80,0,80
2025-07-04T05:24:54,0,80,0,80
2025-07-04T05:55:49,0,80,0,80
2025-07-04T06:26:42,0,80,0,80
2025-07-04T06:57:28,0,80,0,80
2025-07-04T07:28:24,0,80,0,80
2025-07-04T07:58:50,0,80,0,80
2025-07-04T08:29:27,0,80,0,80
2025-07-04T09:00:18,0,80,0,80
2025-07-04T09:31:01,0,80,0,80
2025-07-04T10:01:48,0,80,0,80
2025-07-04T10:32:20,0,80,0,80
2025-07-04T11:02:43,0,80,0,80
2025-07-04T11:33:11,0,80,0,80
2025-07-04T12:03:25,0,80,0,80
2025-07-04T12:34:40,0,80,0,80
2025-07-04T13:05:35,0,80,0,80
2025-07-04T13:36:21,0,80,0,80
2025-07-04T14:06:58,0,80,0,80
2025-07-04T14:37:26,0,80,0,80
2025-07-04T15:07:33,0,80,0,80
2025-07-04T15:37:57,0,80,0,80
2025-07-04T16:08:30,0,80,0,80
2025-07-04T16:38:56,0,80,0,80
2025-07-04T17:09:23,0,80,0,80
2025-07-04T17:40:00,0,80,0,80
2025-07-04T18:10:31,0,80,0,80
2025-07-04T18:40:59,0,80,0,80
2025-07-04T19:11:43,0,80,0,80
2025-07-04T19:42:01,0,80,0,80
2025-07-04T20:12:38,0,80,0,80
2025-07-04T20:43:10,0,80,0,80
2025-07-04T21:14:27,0,80,0,80
2025-07-04T21:45:06,0,80,0,80
2025-07-04T22:16:09,0,80,0,80
2025-07-04T22:46:57,0,80,0,80
2025-07-04T23:17:21,0,80,0,80
2025-07-04T23:47:47,0,80,0,80
2025-07-05T00:18:40,0,80,0,80
2025-07-05T00:49:33,0,80,0,80
2025-07-05T01:20:27,0,80,0,80
2025-07-05T01:51:12,0,80,0,80
2025-07-05T02:21:54,0,80,0,80
2025-07-05T02:52:26,0,80,0,80
2025-07-05T03:22:50,0,80,0,80
2025-07-05T03:53:21,0,80,0,80
2025-07-05T18:46:35,0,80,0,80
2025-07-05T19:17:55,0,80,0,80
2025-07-05T19:48:45,0,80,0,80
2025-07-05T20:19:49,0,80,0,80
2025-07-05T20:50:15,0,80,0,80
2025-07-05T21:20:34,0,80,0,80
2025-07-05T21:51:10,0,80,0,80
2025-07-05T22:21:32,0,80,0,80
2025-07-05T22:52:27,0,80,0,80
2025-07-05T23:23:12,0,80,0,80
2025-07-05T23:53:58,0,80,0,80
2025-07-06T00:25:07,0,80,0,80
2025-07-06T00:56:27,0,80,0,80
2025-07-06T01:27:12,0,80,0,80
2025-07-06T01:57:39,0,80,0,80
2025-07-06T02:28:25,0,80,0,80
2025-07-06T02:59:37,0,80,0,80
2025-07-06T03:30:10,0,80,0,80
2025-07-06T04:01:09,0,80,0,80
2025-07-06T04:48:32,0,80,0,80
2025-07-06T05:19:02,0,80,0,80
2025-07-06T05:49:25,0,80,0,80
2025-07-06T06:19:38,0,80,0,80
2025-07-06T06:50:13,0,80,0,80
2025-07-06T07:20:57,0,80,0,80
2025-07-06T07:51:38,0,80,0,80
2025-07-06T08:22:54,0,80,0,80
2025-07-06T08:53:31,0,80,0,80
2025-07-06T09:24:08,0,80,0,80
2025-07-06T09:54:38,0,80,0,80
2025-07-06T10:25:24,0,80,0,80
2025-07-06T10:56:02,0,80,0,80
2025-07-06T11:26:48,0,80,0,80
2025-07-06T11:57:12,0,80,0,80
2025-07-06T12:27:36,0,80,0,80
2025-07-06T12:58:08,0,80,0,80
2025-07-06T13:28:50,0,80,0,80
2025-07-06T13:59:46,0,80,0,80
2025-07-06T14:30:31,0,80,0,80
2025-07-06T15:00:51,0,80,0,80
2025-07-06T15:31:37,0,80,0,80
2025-07-06T16:02:27,0,80,0,80
2025-07-06T16:33:23,0,80,0,80
2025-07-06T17:04:12,0,80,0,80
2025-07-06T17:35:25,0,80,0,80
2025-07-06T18:06:47,0,80,0,80
2025-07-06T18:37:32,0,80,0,80
2025-07-06T19:08:35,0,80,0,80
2025-07-06T19:38:52,0,80,0,80
2025-07-06T20:09:37,0,80,0,80
2025-07-06T20:40:20,0,80,0,80
2025-07-06T21:11:15,0,80,0,80
2025-07-06T21:42:28,0,80,0,80
2025-07-06T22:13:29,0,80,0,80
2025-07-06T22:43:58,0,80,0,80
2025-07-06T23:14:40,0,80,0,80
2025-07-06T23:45:16,0,80,0,80
2025-07-07T00:16:12,0,80,0,80
2025-07-07T00:47:09,0,80,0,80
2025-07-07T01:17:34,0,80,0,80
2025-07-07T01:48:25,0,80,0,80
2025-07-07T02:19:21,0,80,0,80
2025-07-07T02:50:38,0,80,0,80
2025-07-07T03:21:05,0,80,0,80
2025-07-07T03:52:04,0,80,0,80
2025-07-07T04:46:00,0,80,0,80
2025-07-07T05:16:33,0,80,0,80
2025-07-07T05:47:06,0,80,0,80
2025-07-07T06:17:26,0,80,0,80
2025-07-07T06:47:58,0,80,0,80
2025-07-07T07:18:30,0,80,0,80
2025-07-07T07:49:32,0,80,0,80
2025-07-07T08:20:16,0,80,0,80
2025-07-07T08:51:04,0,80,0,80
2025-07-07T09:22:07,0,80,0,80
2025-07-07T09:52:51,0,80,0,80
2025-07-07T10:23:20,0,80,0,80
2025-07-07T10:54:05,0,80,0,80
2025-07-07T11:25:21,0,80,0,80
2025-07-07T11:56:28,0,80,0,80
2025-07-07T12:27:05,0,80,0,80
2025-07-07T12:57:43,0,80,0,80
2025-07-07T13:28:51,0,80,0,80
2025-07-07T13:59:31,0,80,0,80
2025-07-07T14:30:26,0,80,0,80
2025-07-07T15:01:07,0,80,0,80
2025-07-07T15:31:29,0,80,0,80
2025-07-07T16:02:08,0,80,0,80
2025-07-07T16:32:16,0,80,0,80
2025-07-07T17:03:19,0,80,0,80
2025-07-07T17:34:15,0,80,0,80
2025-07-07T18:15:21,0,80,0,80
2025-07-07T18:45:39,0,80,0,80
2025-07-07T19:16:24,0,80,0,80
2025-07-07T19:46:47,0,80,0,80
2025-07-07T20:17:22,0,80,0,80
2025-07-07T20:47:37,0,80,0,80
2025-07-07T21:17:59,0,80,0,80
2025-07-07T21:48:26,0,80,0,80
2025-07-07T22:18:37,0,80,0,80
2025-07-07T22:49:19,0,80,0,80
2025-07-07T23:20:04,0,80,0,80
2025-07-07T23:51:02,0,80,0,80
2025-07-08T00:21:39,0,80,0,80
2025-07-08T00:52:43,0,80,0,80
2025-07-08T01:23:56,0,80,0,80
2025-07-08T01:54:27,0,80,0,80
2025-07-08T02:25:10,0,80,0,80
2025-07-08T02:55:58,0,80,0,80
2025-07-08T03:26:50,0,80,0,80
2025-07-08T03:57:11,0,80,0,80
2025-07-08T04:48:13,0,80,0,80
2025-07-08T05:19:29,0,80,0,80
2025-07-08T05:50:00,0,80,0,80
2025-07-08T06:21:11,0,80,0,80
2025-07-08T06:51:58,0,80,0,80
2025-07-08T07:22:38,0,80,0,80
2025-07-08T07:53:16,0,80,0,80
2025-07-08T08:24:36,0,80,0,80
2025-07-08T08:55:13,0,80,0,80
2025-07-08T09:25:36,0,80,0,80
2025-07-08T09:56:15,0,80,0,80
2025-07-08T10:27:23,0,80,0,80
2025-07-08T10:58:25,0,80,0,80
2025-07-08T11:29:42,0,80,0,80
2025-07-08T12:00:36,0,80,0,80
2025-07-08T12:30:52,0,80,0,80
2025-07-08T13:01:57,0,80,0,80
2025-07-08T13:32:49,0,80,0,80
2025-07-08T14:03:31,0,80,0,80
2025-07-08T14:33:54,0,80,0,80
2025-07-08T15:05:06,0,80,0,80
2025-07-08T15:36:20,0,80,0,80
2025-07-08T16:07:24,0,80,0,80
2025-07-08T16:38:11,0,80,0,80
2025-07-08T17:08:40,0,80,0,80
2025-07-08T17:38:58,0,80,0,80
2025-07-08T18:09:44,0,80,0,80
2025-07-08T18:39:59,0,80,0,80
2025-07-08T19:10:27,0,80,0,80
2025-07-08T19:40:44,0,80,0,80
2025-07-08T20:11:25,0,80,0,80
2025-07-08T20:42:26,0,80,0,80
2025-07-08T21:13:15,0,80,0,80
2025-07-08T21:43:36,0,80,0,80
2025-07-08T22:14:22,0,80,0,80
2025-07-08T22:45:10,0,80,0,80
2025-07-08T23:15:44,0,80,0,80
2025-07-08T23:46:14,0,80,0,80
2025-07-09T00:16:40,0,80,0,80
2025-07-09T00:47:18,0,80,0,80
2025-07-09T01:18:02,0,80,0,80
2025-07-09T01:49:02,0,80,0,80
2025-07-09T02:19:49,0,80,0,80
2025-07-09T02:50:57,0,80,0,80
2025-07-09T03:21:39,0,80,0,80
2025-07-09T03:52:08,0,80,0,80
2025-07-09T04:49:49,0,80,0,80
2025-07-09T05:20:05,0,80,0,80
2025-07-09T05:52:38,0,80,0,80
2025-07-09T06:23:16,0,80,0,80
2025-07-09T06:53:57,0,80,0,80
2025-07-09T07:24:38,0,80,0,80
2025-07-09T07:55:43,0,80,0,80
2025-07-09T08:26:43,0,80,0,80
2025-07-09T08:57:57,0,80,0,80
2025-07-09T09:28:36,0,80,0,80
2025-07-09T09:59:52,0,80,0,80
2025-07-09T10:31:00,0,80,0,80
2025-07-09T11:02:08,0,80,0,80
2025-07-09T11:32:45,0,80,0,80
2025-07-09T12:03:37,0,80,0,80
2025-07-09T12:34:31,0,80,0,80
2025-07-09T13:05:30,0,80,0,80
2025-07-09T13:36:17,0,80,0,80
2025-07-09T14:06:55,0,80,0,80
2025-07-09T14:37:47,0,80,0,80
2025-07-09T15:08:43,0,80,0,80
2025-07-09T15:39:57,0,80,0,80
2025-07-09T16:11:16,0,80,0,80
2025-07-09T16:42:31,0,80,0,80
2025-07-09T17:13:36,0,80,0,80
2025-07-09T17:44:15,0,80,0,80
2025-07-09T18:15:11,0,80,0,80
2025-07-09T18:46:00,0,80,0,80
2025-07-09T19:17:25,0,80,0,80
2025-07-09T19:48:14,0,80,0,80
2025-07-09T20:18:43,0,80,0,80
2025-07-09T20:50:11,0,80,0,80
2025-07-09T21:21:13,0,80,0,80
2025-07-09T21:52:01,0,80,0,80
2025-07-09T22:22:46,0,80,0,80
2025-07-09T22:53:37,0,80,0,80
2025-07-09T23:24:47,0,80,0,80
2025-07-09T23:55:54,0,80,0,80
2025-07-10T00:26:42,0,80,0,80
2025-07-10T00:58:08,0,80,0,80
2025-07-10T01:30:23,0,80,0,80
2025-07-10T02:01:19,0,80,0,80
2025-07-10T02:31:46,0,80,0,80
2025-07-10T03:02:18,0,80,0,80
2025-07-10T03:32:57,0,80,0,80
2025-07-10T04:03:43,0,80,0,80
2025-07-10T04:50:05,0,80,0,80
2025-07-10T05:20:42,0,80,0,80
2025-07-10T05:51:26,0,80,0,80
2025-07-10T06:22:17,0,80,0,80
2025-07-10T06:53:24,0,80,0,80
2025-07-10T07:23:59,0,80,0,80
2025-07-10T07:54:33,0,80,0,80
2025-07-10T08:25:03,0,80,0,80
2025-07-10T08:55:42,0,80,0,80
2025-07-10T09:26:25,0,80,0,80
2025-07-10T09:57:45,0,80,0,80
2025-07-10T10:28:17,0,80,0,80
2025-07-10T10:59:41,0,80,0,80
2025-07-10T11:30:59,0,80,0,80
2025-07-10T12:01:37,0,80,0,80
2025-07-10T12:32:12,0,80,0,80
2025-07-10T13:02:54,0,80,0,80
2025-07-10T13:33:26,0,80,0,80
2025-07-10T14:03:59,0,80,0,80
2025-07-10T14:34:58,0,80,0,80
2025-07-10T15:06:04,0,80,0,80
2025-07-10T15:36:58,0,80,0,80
2025-07-10T16:08:07,0,80,0,80
2025-07-10T16:39:25,0,80,0,80
2025-07-10T17:10:08,0,80,0,80
2025-07-10T17:41:03,0,80,0,80
2025-07-10T18:12:26,0,80,0,80
2025-07-10T18:43:08,0,80,0,80
2025-07-10T19:13:34,0,80,0,80
2025-07-10T19:44:20,0,80,0,80
2025-07-10T20:14:54,0,80,0,80
2025-07-10T20:45:33,0,80,0,80
2025-07-10T21:16:24,0,80,0,80
2025-07-10T21:46:48,0,80,0,80
2025-07-10T22:17:25,0,80,0,80
2025-07-10T22:48:21,0,80,0,80
2025-07-10T23:18:53,0,80,0,80
2025-07-10T23:49:42,0,80,0,80
2025-07-11T00:20:39,0,80,0,80
2025-07-11T00:51:22,0,80,0,80
2025-07-11T01:22:01,0,80,0,80
2025-07-11T01:53:09,0,80,0,80
2025-07-11T02:23:53,0,80,0,80
2025-07-11T02:54:36,0,80,0,80
2025-07-11T03:25:31,0,80,0,80
2025-07-11T03:56:24,0,80,0,80
2025-07-11T04:57:55,0,80,0,80
2025-07-11T05:28:25,0,80,0,80
2025-07-11T05:58:56,0,80,0,80
2025-07-11T06:29:49,0,80,0,80
2025-07-11T07:00:51,0,80,0,80
2025-07-11T07:31:21,0,80,0,80
2025-07-11T08:02:03,0,80,0,80
2025-07-11T08:32:31,0,80,0,80
2025-07-11T09:03:40,0,80,0,80
2025-07-11T09:34:27,0,80,0,80
2025-07-11T10:05:28,0,80,0,80
2025-07-11T10:36:05,0,80,0,80
2025-07-11T11:06:54,0,80,0,80
2025-07-11T11:38:08,0,80,0,80
2025-07-11T12:09:14,0,80,0,80
2025-07-11T12:39:49,0,80,0,80
2025-07-11T13:10:28,0,80,0,80
2025-07-11T13:40:55,0,80,0,80
2025-07-11T14:11:29,0,80,0,80
2025-07-11T14:41:55,0,80,0,80
2025-07-11T15:12:57,0,80,0,80
2025-07-11T15:43:53,0,80,0,80
2025-07-11T16:15:10,0,80,0,80
2025-07-11T16:45:51,0,80,0,80
2025-07-11T17:16:46,0,80,0,80
2025-07-11T17:47:52,0,80,0,80
2025-07-11T18:18:52,0,80,0,80
2025-07-11T18:49:57,0,80,0,80
2025-07-11T19:20:38,0,80,0,80
2025-07-11T19:51:42,0,80,0,80
2025-07-11T20:22:03,0,80,0,80
2025-07-11T20:53:12,0,80,0,80
2025-07-11T21:23:52,0,80,0,80
2025-07-11T21:54:12,0,80,0,80
2025-07-11T22:24:39,0,80,0,80
2025-07-11T22:55:27,0,80,0,80
2025-07-11T23:26:22,0,80,0,80
2025-07-11T23:57:05,0,80,0,80
2025-07-12T00:28:14,0,80,0,80
2025-07-12T00:59:16,0,80,0,80
2025-07-12T01:30:11,0,80,0,80
2025-07-12T02:01:06,0,80,0,80
2025-07-12T02:31:49,0,80,0,80
2025-07-12T03:03:10,0,80,0,80
2025-07-12T03:34:33,0,80,0,80
2025-07-12T04:08:21,0,80,0,80
2025-07-12T04:59:57,0,80,0,80
2025-07-12T05:30:30,0,80,0,80
2025-07-12T06:01:12,0,80,0,80
2025-07-12T06:31:34,0,80,0,80
2025-07-12T07:02:04,0,80,0,80
2025-07-12T07:32:38,0,80,0,80
2025-07-12T08:03:35,0,80,0,80
2025-07-12T08:34:15,0,80,0,80
2025-07-12T09:04:41,0,80,0,80
2025-07-12T09:35:17,0,80,0,80
2025-07-12T10:06:10,0,80,0,80
2025-07-12T10:37:06,0,80,0,80
2025-07-12T11:07:54,0,80,0,80
2025-07-12T11:38:29,0,80,0,80
2025-07-12T12:09:17,0,80,0,80
2025-07-12T12:40:09,0,80,0,80
2025-07-12T13:10:51,0,80,0,80
2025-07-12T13:42:00,0,80,0,80
2025-07-12T14:12:26,0,80,0,80
2025-07-12T14:43:07,0,80,0,80
2025-07-12T15:14:09,0,80,0,80
2025-07-12T15:45:10,0,80,0,80
2025-07-12T16:15:40,0,80,0,80
2025-07-12T16:45:58,0,80,0,80
2025-07-12T17:16:28,0,80,0,80
2025-07-12T17:47:20,0,80,0,80
2025-07-12T18:18:04,0,80,0,80
2025-07-12T18:48:58,0,80,0,80
2025-07-12T19:19:24,0,80,0,80
2025-07-12T19:49:38,0,80,0,80
2025-07-12T20:20:28,0,80,0,80
2025-07-12T20:51:26,0,80,0,80
2025-07-12T21:22:30,0,80,0,80
2025-07-12T21:53:14,0,80,0,80
2025-07-12T22:23:48,0,80,0,80
2025-07-12T22:54:38,0,80,0,80
2025-07-12T23:25:17,0,80,0,80
2025-07-12T23:55:49,0,80,0,80
2025-07-13T00:26:44,0,80,0,80
2025-07-13T00:58:05,0,80,0,80
2025-07-13T01:28:22,0,80,0,80
2025-07-13T01:59:15,0,80,0,80
2025-07-13T02:29:56,0,80,0,80
2025-07-13T03:00:42,0,80,0,80
2025-07-13T03:31:34,0,80,0,80
2025-07-13T04:01:57,0,80,0,80
2025-07-13T05:11:50,0,80,0,80
2025-07-13T05:42:24,0,80,0,80
2025-07-13T06:13:10,0,80,0,80
2025-07-13T06:43:59,0,80,0,80
2025-07-13T07:15:02,0,80,0,80
2025-07-13T07:46:03,0,80,0,80
2025-07-13T08:17:00,0,80,0,80
2025-07-13T08:47:29,0,80,0,80
2025-07-13T09:18:03,0,80,0,80
2025-07-13T09:48:45,0,80,0,80
2025-07-13T10:19:08,0,80,0,80
2025-07-13T10:49:49,0,80,0,80
2025-07-13T11:20:25,0,80,0,80
2025-07-13T11:51:40,0,80,0,80
2025-07-13T12:22:25,0,80,0,80
2025-07-13T12:53:11,0,80,0,80
2025-07-13T13:24:11,0,80,0,80
2025-07-13T13:54:57,0,80,0,80
2025-07-13T14:25:22,0,80,0,80
2025-07-13T14:56:24,0,80,0,80
2025-07-13T15:27:06,0,80,0,80
2025-07-13T15:58:20,0,80,0,80
2025-07-13T16:29:30,0,80,0,80
2025-07-13T17:00:32,0,80,0,80
2025-07-13T17:30:55,0,80,0,80
2025-07-13T18:01:09,0,80,0,80
2025-07-13T18:32:14,0,80,0,80
2025-07-13T19:03:08,0,80,0,80
2025-07-13T19:33:59,0,80,0,80
2025-07-13T20:04:46,0,80,0,80
2025-07-13T20:35:29,0,80,0,80
2025-07-13T21:06:01,0,80,0,80
2025-07-13T21:36:47,0,80,0,80
2025-07-13T22:07:39,0,80,0,80
2025-07-13T22:38:01,0,80,0,80
2025-07-13T23:09:00,0,80,0,80
2025-07-13T23:39:41,0,80,0,80
2025-07-14T00:10:22,0,80,0,80
2025-07-14T00:41:46,0,80,0,80
2025-07-14T01:12:42,0,80,0,80
2025-07-14T01:43:35,0,80,0,80
2025-07-14T02:14:34,0,80,0,80
2025-07-14T02:46:08,0,80,0,80
2025-07-14T03:17:10,0,80,0,80
2025-07-14T03:47:44,0,80,0,80
2025-07-14T04:18:14,0,80,0,80
2025-07-14T05:02:18,0,80,0,80
2025-07-14T05:33:24,0,80,0,80
2025-07-14T06:04:15,0,80,0,80
2025-07-14T06:35:02,0,80,0,80
2025-07-14T07:05:39,0,80,0,80
2025-07-14T07:36:22,0,80,0,80
2025-07-14T08:07:01,0,80,0,80
2025-07-14T08:37:46,0,80,0,80
2025-07-14T09:08:29,0,80,0,80
2025-07-14T09:39:36,0,80,0,80
2025-07-14T10:09:53,0,80,0,80
2025-07-14T10:40:30,0,80,0,80
2025-07-14T11:11:12,0,80,0,80
2025-07-14T11:42:00,0,80,0,80
2025-07-14T12:13:01,0,80,0,80
2025-07-14T12:43:43,0,80,0,80
2025-07-14T13:14:51,0,80,0,80
2025-07-14T13:45:57,0,80,0,80
2025-07-14T14:16:41,0,80,0,80
2025-07-14T14:47:43,0,80,0,80
2025-07-14T15:18:15,0,80,0,80
2025-07-14T15:49:07,0,80,0,80
2025-07-14T16:19:44,0,80,0,80
2025-07-14T16:50:45,0,80,0,80
2025-07-14T17:21:44,0,80,0,80
2025-07-14T17:52:17,0,80,0,80
2025-07-14T18:22:38,0,80,0,80
2025-07-14T18:53:24,0,80,0,80
2025-07-14T19:24:12,0,80,0,80
2025-07-14T19:54:56,0,80,0,80
2025-07-14T20:26:03,0,80,0,80
2025-07-14T20:56:46,0,80,0,80
2025-07-14T21:27:52,0,80,0,80
2025-07-14T21:58:42,0,80,0,80
2025-07-14T22:29:32,0,80,0,80
2025-07-14T23:00:12,0,80,0,80
2025-07-14T23:30:59,0,80,0,80
2025-07-15T00:01:44,0,80,0,80
2025-07-15T00:32:23,0,80,0,80
2025-07-15T01:03:18,0,80,0,80
2025-07-15T01:34:29,0,80,0,80
2025-07-15T02:05:27,0,80,0,80
2025-07-15T02:36:28,0,80,0,80
2025-07-15T03:07:07,0,80,0,80
2025-07-15T03:38:40,0,80,0,80
2025-07-15T04:09:46,0,80,0,80
2025-07-15T04:53:14,0,80,0,80
2025-07-15T05:24:20,0,80,0,80
2025-07-15T05:55:07,0,80,0,80
2025-07-15T06:26:20,0,80,0,80
2025-07-15T06:57:13,0,80,0,80
2025-07-15T07:28:03,0,80,0,80
2025-07-15T07:59:03,0,80,0,80
2025-07-15T08:29:47,0,80,0,80
2025-07-15T09:00:25,0,80,0,80
2025-07-15T09:31:00,0,80,0,80
2025-07-15T10:02:01,0,80,0,80
2025-07-15T10:33:12,0,80,0,80
2025-07-15T11:04:05,0,80,0,80
2025-07-15T11:35:02,0,80,0,80
2025-07-15T12:05:43,0,80,0,80
2025-07-15T12:36:11,0,80,0,80
2025-07-15T13:06:57,0,80,0,80
2025-07-15T13:37:20,0,80,0,80
2025-07-15T14:08:12,0,80,0,80
2025-07-15T14:39:21,0,80,0,80
2025-07-15T15:10:33,0,80,0,80
2025-07-15T15:41:28,0,80,0,80
2025-07-15T16:12:05,0,80,0,80
2025-07-15T16:42:55,0,80,0,80
2025-07-15T17:13:24,0,80,0,80
2025-07-15T17:44:21,0,80,0,80
2025-07-15T19:50:12,0,80,0,80
2025-07-15T20:20:48,0,80,0,80
2025-07-15T20:51:42,0,80,0,80
2025-07-15T21:22:16,0,80,0,80
2025-07-15T21:53:14,0,80,0,80
2025-07-15T22:24:11,0,80,0,80
2025-07-15T22:54:53,0,80,0,80
2025-07-15T23:25:56,0,80,0,80
2025-07-15T23:56:42,0,80,0,80
2025-07-16T00:27:51,0,80,0,80
2025-07-16T00:58:46,0,80,0,80
2025-07-16T01:29:37,0,80,0,80
2025-07-16T02:00:19,0,80,0,80
2025-07-16T02:31:46,0,80,0,80
2025-07-16T03:02:28,0,80,0,80
2025-07-16T03:33:19,0,80,0,80
2025-07-16T04:05:23,0,80,0,80
2025-07-16T04:45:32,0,80,0,80
2025-07-16T05:16:21,0,80,0,80
2025-07-16T05:47:17,0,80,0,80
2025-07-16T06:18:05,0,80,0,80
2025-07-16T06:48:57,0,80,0,80
2025-07-16T07:19:38,0,80,0,80
2025-07-16T07:50:43,0,80,0,80
2025-07-16T08:21:26,0,80,0,80
2025-07-16T08:52:31,0,80,0,80
2025-07-16T09:23:21,0,80,0,80
2025-07-16T09:54:30,0,80,0,80
2025-07-16T10:25:48,0,80,0,80
2025-07-16T10:56:31,0,80,0,80
2025-07-16T11:27:09,0,80,0,80
2025-07-16T11:58:00,0,80,0,80
2025-07-16T12:29:12,0,80,0,80
2025-07-16T12:59:54,0,80,0,80
2025-07-16T13:30:20,0,80,0,80
2025-07-16T14:01:32,0,80,0,80
2025-07-16T14:32:50,0,80,0,80
2025-07-16T15:03:54,0,80,0,80
2025-07-16T15:34:51,0,80,0,80
2025-07-16T16:05:59,0,80,0,80
2025-07-16T16:36:45,0,80,0,80
2025-07-16T17:07:54,0,80,0,80
2025-07-16T17:38:53,0,80,0,80
2025-07-16T18:09:44,0,80,0,80
2025-07-16T18:40:37,0,80,0,80
2025-07-16T19:11:59,0,80,0,80
2025-07-16T19:42:49,0,80,0,80
2025-07-16T20:13:48,0,80,0,80
2025-07-16T20:44:40,0,80,0,80
2025-07-16T21:15:36,0,80,0,80
2025-07-16T21:46:24,0,80,0,80
2025-07-16T22:17:11,0,80,0,80
2025-07-16T22:48:11,0,80,0,80
2025-07-16T23:19:03,0,80,0,80
2025-07-16T23:49:52,0,80,0,80
2025-07-17T00:20:43,0,80,0,80
2025-07-17T00:52:08,0,80,0,80
2025-07-17T01:23:04,0,80,0,80
2025-07-17T01:54:01,0,80,0,80
2025-07-17T02:24:58,0,80,0,80
2025-07-17T02:56:07,0,80,0,80
2025-07-17T03:27:37,0,80,0,80
2025-07-17T03:58:18,0,80,0,80
2025-07-17T04:51:11,0,80,0,80
2025-07-17T05:22:07,0,80,0,80
2025-07-17T05:53:28,0,80,0,80
2025-07-17T06:24:41,0,80,0,80
2025-07-17T06:55:23,0,80,0,80
2025-07-17T07:26:21,0,80,0,80
2025-07-17T07:57:18,0,80,0,80
2025-07-17T08:28:02,0,80,0,80
2025-07-17T08:59:19,0,80,0,80
2025-07-17T09:29:57,0,80,0,80
2025-07-17T10:00:43,0,80,0,80
2025-07-17T10:31:39,0,80,0,80
2025-07-17T11:02:24,0,80,0,80
2025-07-17T11:33:14,0,80,0,80
2025-07-17T12:04:00,0,80,0,80
2025-07-17T12:34:58,0,80,0,80
2025-07-17T13:06:19,0,80,0,80
2025-07-17T13:37:43,0,80,0,80
2025-07-17T14:09:03,0,80,0,80
2025-07-17T14:40:09,0,80,0,80
2025-07-17T15:11:01,0,80,0,80
2025-07-17T15:42:11,0,80,0,80
2025-07-17T16:12:54,0,80,0,80
2025-07-17T16:43:52,0,80,0,80
2025-07-17T17:15:06,0,80,0,80
2025-07-17T17:45:45,0,80,0,80
2025-07-17T18:16:18,0,80,0,80
2025-07-17T18:46:57,0,80,0,80
2025-07-17T19:18:02,0,80,0,80
2025-07-17T19:48:33,0,80,0,80
2025-07-17T20:19:25,0,80,0,80
2025-07-17T20:50:01,0,80,0,80
2025-07-17T21:20:39,0,80,0,80
2025-07-17T21:51:38,0,80,0,80
2025-07-17T22:22:43,0,80,0,80
2025-07-17T22:53:54,0,80,0,80
2025-07-17T23:24:54,0,80,0,80
2025-07-17T23:55:58,0,80,0,80
2025-07-18T00:27:15,0,80,0,80
2025-07-18T00:58:20,0,80,0,80
2025-07-18T01:29:11,0,80,0,80
2025-07-18T01:59:57,0,80,0,80
2025-07-18T02:30:35,0,80,0,80
2025-07-18T03:01:53,0,80,0,80
2025-07-18T03:32:44,0,80,0,80
2025-07-18T04:03:17,0,80,0,80
2025-07-18T04:52:21,0,80,0,80
2025-07-18T05:23:01,0,80,0,80
2025-07-18T05:53:56,0,80,0,80
2025-07-18T06:25:07,0,80,0,80
2025-07-18T06:56:01,0,80,0,80
2025-07-18T07:26:58,0,80,0,80
2025-07-18T07:57:53,0,80,0,80
2025-07-18T08:28:49,0,80,0,80
2025-07-18T09:00:16,0,80,0,80
2025-07-18T09:31:24,0,80,0,80
2025-07-18T10:02:14,0,80,0,80
2025-07-18T10:32:49,0,80,0,80
2025-07-18T11:03:30,0,80,0,80
2025-07-18T11:34:20,0,80,0,80
2025-07-18T12:05:06,0,80,0,80
2025-07-18T12:36:02,0,80,0,80
2025-07-18T13:06:55,0,80,0,80
2025-07-18T13:37:47,0,80,0,80
2025-07-18T14:08:43,0,80,0,80
2025-07-18T14:40:06,0,80,0,80
2025-07-18T15:10:44,0,80,0,80
2025-07-18T15:41:17,0,80,0,80
2025-07-18T16:12:38,0,80,0,80
2025-07-18T16:44:06,0,80,0,80
2025-07-18T17:15:08,0,80,0,80
2025-07-18T17:45:53,0,80,0,80
2025-07-18T18:16:41,0,80,0,80
2025-07-18T18:47:25,0,80,0,80
2025-07-18T19:18:17,0,80,0,80
2025-07-18T19:49:10,0,80,0,80
2025-07-18T20:19:52,0,80,0,80
2025-07-18T20:50:49,0,80,0,80
2025-07-18T21:21:46,0,80,0,80
2025-07-18T21:52:43,0,80,0,80
2025-07-18T22:23:59,0,80,0,80
2025-07-18T22:55:21,0,80,0,80
2025-07-18T23:26:35,0,80,0,80
2025-07-18T23:57:35,0,80,0,80
2025-07-19T00:28:32,0,80,0,80
2025-07-19T00:59:10,0,80,0,80
2025-07-19T01:29:49,0,80,0,80
2025-07-19T02:00:54,0,80,0,80
2025-07-19T02:32:01,0,80,0,80
2025-07-19T03:02:59,0,80,0,80
2025-07-19T03:33:34,0,80,0,80
2025-07-19T04:04:26,0,80,0,80
2025-07-19T04:54:52,0,80,0,80
2025-07-19T05:25:55,0,80,0,80
2025-07-19T05:57:13,0,80,0,80
2025-07-19T06:28:15,0,80,0,80
2025-07-19T06:59:28,0,80,0,80
2025-07-19T07:30:20,0,80,0,80
2025-07-19T08:01:14,0,80,0,80
2025-07-19T08:31:54,0,80,0,80
2025-07-19T09:03:02,0,80,0,80
2025-07-19T09:33:44,0,80,0,80
2025-07-19T10:04:37,0,80,0,80
2025-07-19T10:35:25,0,80,0,80
2025-07-19T11:06:17,0,80,0,80
2025-07-19T11:37:03,0,80,0,80
2025-07-19T12:08:09,0,80,0,80
2025-07-19T12:39:07,0,80,0,80
2025-07-19T13:10:16,0,80,0,80
2025-07-19T13:40:59,0,80,0,80
2025-07-19T14:11:35,0,80,0,80
2025-07-19T14:42:20,0,80,0,80
2025-07-19T15:13:17,0,80,0,80
2025-07-19T15:43:57,0,80,0,80
2025-07-19T16:14:36,0,80,0,80
2025-07-19T16:45:44,0,80,0,80
2025-07-19T17:16:23,0,80,0,80
2025-07-19T17:47:12,0,80,0,80
2025-07-19T18:17:57,0,80,0,80
2025-07-19T18:48:48,0,80,0,80
2025-07-19T19:20:16,0,80,0,80
2025-07-19T19:51:13,0,80,0,80
2025-07-19T20:22:01,0,80,0,80
2025-07-19T20:52:57,0,80,0,80
2025-07-19T21:23:53,0,80,0,80
2025-07-19T21:54:48,0,80,0,80
2025-07-19T22:25:46,0,80,0,80
2025-07-19T22:56:23,0,80,0,80
2025-07-19T23:27:17,0,80,0,80
2025-07-19T23:58:05,0,80,0,80
2025-07-20T00:29:20,0,80,0,80
2025-07-20T01:17:52,0,80,0,80
2025-07-20T01:49:03,0,80,0,80
2025-07-20T02:20:34,0,80,0,80
2025-07-20T02:51:29,0,80,0,80
2025-07-20T03:22:39,0,80,0,80
2025-07-20T03:53:41,0,80,0,80
2025-07-24T15:47:57,0,80,0,80
2025-07-24T16:19:08,0,80,0,80
2025-07-24T16:50:22,0,80,0,80
2025-07-24T17:21:15,0,80,0,80
2025-07-24T17:52:49,0,80,0,80
2025-07-24T18:23:50,0,80,0,80
2025-07-24T18:55:18,0,80,0,80
2025-07-24T19:26:41,0,80,0,80
2025-07-24T19:57:50,0,80,0,80
2025-07-24T20:29:01,0,80,0,80
2025-07-24T20:59:49,0,80,0,80
2025-07-24T21:30:56,0,80,0,80
2025-07-24T22:01:57,0,80,0,80
2025-07-24T22:33:05,0,80,0,80
2025-07-24T23:04:21,0,80,0,80
2025-07-24T23:35:32,0,80,0,80
2025-07-25T00:06:50,0,80,0,80
2025-07-25T00:38:20,0,80,0,80
2025-07-25T01:09:44,0,80,0,80
2025-07-25T01:40:51,0,80,0,80
2025-07-25T02:12:00,0,80,0,80
2025-07-25T02:43:05,0,80,0,80
2025-07-25T03:14:12,0,80,0,80
2025-07-25T03:45:02,0,80,0,80
2025-07-25T04:49:56,0,80,0,80
2025-07-25T05:23:45,0,80,0,80
2025-07-25T05:54:52,0,80,0,80
2025-07-25T06:26:08,0,80,0,80
2025-07-28T00:01:08,0,80,0,80
2025-07-28T00:32:09,0,80,0,80
2025-07-28T01:03:31,0,80,0,80
2025-07-28T01:34:36,0,80,0,80
2025-07-28T02:05:41,0,80,0,80
2025-07-28T02:36:51,0,80,0,80
2025-07-28T03:07:47,0,80,0,80
2025-07-28T03:38:55,0,80,0,80
2025-07-28T04:09:55,0,80,0,80
2025-07-28T04:55:05,0,80,0,80
2025-07-28T05:26:14,0,80,0,80
2025-07-28T05:57:09,0,80,0,80
2025-07-28T06:28:09,0,80,0,80
2025-07-28T06:59:08,0,80,0,80
2025-07-28T07:30:09,0,80,0,80
2025-07-28T08:01:28,0,80,0,80
2025-07-28T08:33:00,0,80,0,80
2025-07-28T09:04:14,0,80,0,80
2025-07-28T09:35:15,0,80,0,80
2025-07-28T10:06:01,0,80,0,80
2025-07-28T10:37:21,5,75,0,80
2025-07-28T11:08:31,16,64,0,80
2025-07-28T11:39:30,19,61,0,80
2025-07-28T12:10:19,20,60,0,80
2025-07-28T12:41:40,23,57,0,80
2025-07-28T13:13:10,23,57,0,80
2025-07-28T13:44:28,24,56,0,80
2025-07-28T14:15:49,27,53,0,80
2025-07-28T14:46:43,29,51,0,80
2025-07-28T15:18:27,29,51,0,80
2025-07-28T15:49:28,29,51,0,80
2025-07-28T16:20:52,30,50,0,80
2025-07-28T16:51:38,33,47,0,80
2025-07-28T17:23:02,35,45,0,80
2025-07-28T17:54:16,35,45,0,80
2025-07-28T18:25:27,35,45,0,80
2025-07-28T18:56:10,36,44,0,80
2025-07-28T19:27:56,36,44,0,80
2025-07-28T19:59:15,37,43,0,80
2025-07-28T20:30:53,37,43,0,80
2025-07-28T21:01:52,37,43,0,80
2025-07-28T21:32:43,37,43,0,80
2025-07-28T22:03:56,38,42,0,80
2025-07-28T22:35:08,38,42,0,80
2025-07-28T23:06:45,39,41,0,80
2025-07-28T23:38:15,39,41,0,80
2025-07-29T00:10:01,40,40,0,80
2025-07-29T00:40:56,40,40,0,80
2025-07-29T01:11:47,40,40,0,80
2025-07-29T01:42:44,40,40,0,80
2025-07-29T02:13:51,40,40,0,80
2025-07-29T02:44:54,40,40,0,80
2025-07-29T03:16:05,40,40,0,80
2025-07-29T03:47:10,40,40,0,80
2025-07-29T04:54:01,40,40,0,80
2025-07-29T05:25:27,40,40,0,80
2025-07-29T05:56:25,40,40,0,80
2025-07-29T06:27:41,40,40,0,80
2025-07-29T06:58:37,40,40,0,80
2025-07-29T07:29:40,40,40,0,80
2025-07-29T08:00:38,40,40,0,80
2025-07-29T08:31:50,41,39,0,80
2025-07-29T09:03:23,41,39,0,80
2025-07-29T09:34:14,41,39,0,80
2025-07-29T10:05:16,42,38,0,80
2025-07-29T10:37:06,42,38,0,80
2025-07-29T11:08:26,42,38,0,80
2025-07-29T11:39:18,42,38,0,80
2025-07-29T12:10:45,42,38,0,80
2025-07-29T12:42:04,42,38,0,80
2025-07-29T13:13:09,42,38,0,80
2025-07-29T13:44:10,42,38,0,80
2025-07-29T14:15:47,42,38,0,80
2025-07-29T14:47:07,42,38,0,80
2025-07-29T15:18:31,42,38,0,80
2025-07-29T15:49:30,43,37,0,80
2025-07-29T16:20:45,43,37,0,80
2025-07-29T16:52:10,43,37,0,80
2025-07-29T17:23:11,43,37,0,80
2025-07-29T17:54:07,43,37,0,80
2025-07-29T18:25:47,43,37,0,80
2025-07-29T18:57:13,43,37,0,80
2025-07-29T19:28:12,43,37,0,80
2025-07-29T19:59:55,43,37,0,80
2025-07-29T20:31:09,43,37,0,80
2025-07-29T21:02:32,43,37,0,80
2025-07-29T21:33:04,43,37,0,80
2025-07-29T22:04:31,43,37,0,80
2025-07-29T22:35:41,44,36,0,80
2025-07-29T23:06:54,44,36,0,80
2025-07-29T23:37:55,44,36,0,80
2025-07-30T00:09:25,44,36,0,80
2025-07-30T00:40:50,44,36,0,80
2025-07-30T01:12:10,44,36,0,80
2025-07-30T01:43:33,44,36,0,80
2025-07-30T02:14:40,44,36,0,80
2025-07-30T02:46:23,44,36,0,80
2025-07-30T03:17:48,44,36,0,80
2025-07-30T03:48:56,44,36,0,80
2025-07-30T04:46:45,44,36,0,80
2025-07-30T05:17:56,44,36,0,80
2025-07-30T05:49:01,44,36,0,80
2025-07-30T06:20:21,44,36,0,80
2025-07-30T06:51:20,44,36,0,80
2025-07-30T07:22:31,44,36,0,80
2025-07-30T07:53:19,44,36,0,80
2025-07-30T08:24:32,44,36,0,80
2025-07-30T08:55:56,44,36,0,80
2025-07-30T09:26:56,44,36,0,80
2025-07-30T09:57:57,44,36,0,80
2025-07-30T10:29:19,44,36,0,80
2025-07-30T11:00:48,44,36,0,80
2025-07-30T11:31:52,44,36,0,80
2025-07-30T12:02:50,44,36,0,80
2025-07-30T12:34:03,44,36,0,80
2025-07-30T13:05:13,47,33,0,80
2025-07-30T13:36:15,47,33,0,80
2025-07-30T14:07:19,47,33,0,80
2025-07-30T14:38:22,47,33,0,80
2025-07-30T15:09:51,47,33,0,80
2025-07-30T15:41:25,47,33,0,80
2025-07-30T16:12:33,48,32,0,80
2025-07-30T16:43:44,48,32,0,80
2025-07-30T17:15:30,48,32,0,80
2025-07-30T17:46:26,48,32,0,80
2025-07-30T18:17:30,48,32,0,80
2025-07-30T18:48:42,48,32,0,80
2025-07-30T19:20:29,48,32,0,80
2025-07-30T19:51:39,49,31,0,80
2025-07-30T20:22:41,49,31,0,80
2025-07-30T20:54:08,49,31,0,80
2025-07-30T21:25:25,49,31,0,80
2025-07-30T21:56:14,49,31,0,80
2025-07-30T22:27:52,50,30,0,80
2025-07-30T22:59:16,50,30,0,80
2025-07-30T23:30:31,50,30,0,80
2025-07-31T00:01:36,50,30,0,80
2025-07-31T00:32:54,50,30,0,80
2025-07-31T01:04:09,50,30,0,80
2025-07-31T01:35:24,50,30,0,80
2025-07-31T02:06:47,50,30,0,80
2025-07-31T02:37:52,50,30,0,80
2025-07-31T03:08:48,50,30,0,80
2025-07-31T03:39:54,50,30,0,80
2025-07-31T04:11:33,50,30,0,80
2025-07-31T04:54:17,50,30,0,80
2025-07-31T05:25:17,50,30,0,80
2025-07-31T05:56:34,50,30,0,80
2025-07-31T06:27:51,50,30,0,80
2025-07-31T06:58:37,50,30,0,80
2025-07-31T07:29:37,50,30,0,80
2025-07-31T08:00:54,51,29,0,80
2025-07-31T08:32:03,51,29,0,80
2025-07-31T09:03:32,51,29,0,80
2025-07-31T09:34:54,51,29,0,80
2025-07-31T10:05:32,51,29,0,80
2025-07-31T10:37:01,51,29,0,80
2025-07-31T11:08:28,51,29,0,80
2025-07-31T11:39:56,51,29,0,80
2025-07-31T12:11:22,51,29,0,80
2025-07-31T12:42:34,51,29,0,80
2025-07-31T13:13:37,51,29,0,80
2025-07-31T13:44:59,51,29,0,80
2025-07-31T14:16:28,51,29,0,80
2025-07-31T14:47:52,51,29,0,80
2025-07-31T15:18:49,51,29,0,80
2025-07-31T15:49:54,51,29,0,80
2025-07-31T16:21:14,51,29,0,80
2025-07-31T16:52:27,51,29,0,80
2025-07-31T17:23:48,51,29,0,80
2025-07-31T17:55:02,51,29,0,80
2025-07-31T18:26:19,51,29,0,80
2025-07-31T18:57:18,51,29,0,80
2025-07-31T19:28:21,52,28,0,80
2025-07-31T19:59:47,52,28,0,80
2025-07-31T20:31:08,53,27,0,80
2025-07-31T21:02:33,54,26,0,80
2025-07-31T21:33:42,54,26,0,80
2025-07-31T22:04:39,54,26,0,80
2025-07-31T22:35:47,54,26,0,80
2025-07-31T23:06:54,54,26,0,80
2025-07-31T23:37:52,54,26,0,80
2025-08-01T00:09:21,54,26,0,80
2025-08-01T00:40:52,54,26,0,80
2025-08-01T01:12:08,54,26,0,80
2025-08-01T01:43:44,54,26,0,80
2025-08-01T02:14:36,54,26,0,80
2025-08-01T02:45:52,54,26,0,80
2025-08-01T03:17:26,54,26,0,80
2025-08-01T03:48:43,54,26,0,80
2025-08-01T04:54:20,54,26,0,80
2025-08-01T05:25:34,54,26,0,80
2025-08-01T05:56:58,54,26,0,80
2025-08-01T06:28:47,54,26,0,80
2025-08-01T07:00:18,54,26,0,80
2025-08-01T07:31:41,54,26,0,80
2025-08-01T08:03:04,54,26,0,80
2025-08-01T08:34:01,54,26,0,80
2025-08-01T09:05:16,54,26,0,80
2025-08-01T09:36:17,54,26,0,80
2025-08-01T10:07:41,54,26,0,80
2025-08-01T10:39:15,54,26,0,80
2025-08-01T11:10:50,54,26,0,80
2025-08-01T11:42:24,54,26,0,80
2025-08-01T12:14:01,54,26,0,80
2025-08-01T12:45:43,54,26,0,80
2025-08-01T13:17:15,54,26,0,80
2025-08-01T13:48:33,54,26,0,80
2025-08-01T14:20:04,54,26,0,80
2025-08-01T14:51:31,54,26,0,80
2025-08-01T15:22:55,54,26,0,80
2025-08-01T15:54:33,54,26,0,80
2025-08-01T16:25:20,54,26,0,80
2025-08-01T16:56:25,54,26,0,80
2025-08-01T17:27:46,54,26,0,80
2025-08-01T17:59:19,54,26,0,80
2025-08-01T18:30:14,54,26,0,80
2025-08-01T19:02:00,54,26,0,80
2025-08-01T19:33:35,55,25,0,80
2025-08-01T20:04:53,55,25,0,80
2025-08-01T20:36:06,55,25,0,80
2025-08-01T21:07:14,55,25,0,80
2025-08-01T21:38:24,55,25,0,80
2025-08-01T22:09:46,55,25,0,80
2025-08-01T22:40:42,55,25,0,80
2025-08-01T23:11:31,55,25,0,80
2025-08-01T23:42:32,55,25,0,80
2025-08-02T00:13:27,55,25,0,80
2025-08-02T00:44:47,55,25,0,80
2025-08-02T01:16:10,55,25,0,80
2025-08-02T01:47:16,55,25,0,80
2025-08-02T02:18:49,55,25,0,80
2025-08-02T02:50:14,55,25,0,80
2025-08-02T03:22:10,55,25,0,80
2025-08-02T03:53:24,55,25,0,80
2025-08-02T04:51:26,55,25,0,80
2025-08-02T05:23:13,55,25,0,80
2025-08-02T05:54:40,55,25,0,80
2025-08-02T06:25:38,55,25,0,80
2025-08-02T06:56:25,55,25,0,80
2025-08-02T07:27:24,55,25,0,80
2025-08-02T07:58:29,55,25,0,80
2025-08-02T08:29:49,55,25,0,80
2025-08-02T09:00:48,55,25,0,80
2025-08-02T09:31:58,56,24,0,80
2025-08-02T10:03:17,56,24,0,80
2025-08-02T10:34:35,56,24,0,80
2025-08-02T11:06:02,56,24,0,80
2025-08-02T11:36:55,56,24,0,80
2025-08-02T12:08:15,56,24,0,80
2025-08-02T12:39:35,56,24,0,80
2025-08-02T13:10:48,56,24,0,80
2025-08-02T13:42:00,56,24,0,80
2025-08-02T14:13:16,56,24,0,80
2025-08-02T14:44:29,56,24,0,80
2025-08-02T15:15:19,56,24,0,80
2025-08-02T15:46:09,56,24,0,80
2025-08-02T16:17:22,56,24,0,80
2025-08-02T16:48:54,56,24,0,80
2025-08-02T17:20:04,56,24,0,80
2025-08-02T17:51:11,56,24,0,80
2025-08-02T18:22:29,56,24,0,80
2025-08-02T18:53:50,56,24,0,80
2025-08-02T19:24:57,56,24,0,80
2025-08-02T19:56:17,56,24,0,80
2025-08-02T20:27:18,56,24,0,80
2025-08-02T20:58:32,56,24,0,80
2025-08-02T21:29:40,56,24,0,80
2025-08-02T22:00:50,56,24,0,80
2025-08-02T22:32:24,56,24,0,80
2025-08-02T23:03:29,56,24,0,80
2025-08-02T23:34:38,56,24,0,80
2025-08-03T00:05:58,56,24,0,80
2025-08-03T00:37:48,56,24,0,80
2025-08-03T01:10:28,56,24,0,80
2025-08-03T01:42:04,56,24,0,80
2025-08-03T02:13:43,56,24,0,80
2025-08-03T02:44:43,56,24,0,80
2025-08-03T03:16:27,56,24,0,80
2025-08-03T03:47:35,56,24,0,80
2025-08-03T04:49:04,56,24,0,80
2025-08-03T05:20:10,56,24,0,80
2025-08-03T05:51:15,56,24,0,80
2025-08-03T06:22:39,56,24,0,80
2025-08-03T06:54:09,56,24,0,80
2025-08-03T07:25:42,56,24,0,80
2025-08-03T07:56:42,56,24,0,80
2025-08-03T08:28:04,56,24,0,80
2025-08-03T08:59:15,56,24,0,80
2025-08-03T09:30:18,56,24,0,80
2025-08-03T10:01:17,56,24,0,80
2025-08-03T10:32:38,56,24,0,80
2025-08-03T11:03:30,56,24,0,80
2025-08-03T11:34:50,56,24,0,80
2025-08-03T12:05:51,56,24,0,80
2025-08-03T12:36:53,56,24,0,80
2025-08-03T13:07:52,57,23,0,80
2025-08-03T13:39:11,57,23,0,80
2025-08-03T14:10:14,57,23,0,80
2025-08-03T14:41:11,57,23,0,80
2025-08-03T15:12:07,57,23,0,80
2025-08-03T15:43:12,57,23,0,80
2025-08-03T16:14:16,58,22,0,80
2025-08-03T16:45:38,58,22,0,80
2025-08-03T17:16:33,58,22,0,80
2025-08-03T17:47:50,58,22,0,80
2025-08-03T18:19:01,58,22,0,80
2025-08-03T18:50:02,58,22,0,80
2025-08-03T19:20:50,58,22,0,80
2025-08-03T19:51:49,58,22,0,80
2025-08-03T20:22:58,58,22,0,80
2025-08-03T20:54:03,59,21,0,80
2025-08-03T21:25:29,59,21,0,80
2025-08-03T21:56:30,59,21,0,80
2025-08-03T22:27:42,59,21,0,80
2025-08-03T22:58:55,59,21,0,80
2025-08-03T23:29:57,59,21,0,80
2025-08-04T00:01:23,59,21,0,80
2025-08-04T00:32:39,59,21,0,80
2025-08-04T01:03:38,59,21,0,80
2025-08-04T01:34:50,59,21,0,80
2025-08-04T02:06:11,59,21,0,80
2025-08-04T02:37:33,59,21,0,80
2025-08-04T03:08:52,59,21,0,80
2025-08-04T03:39:54,59,21,0,80
2025-08-04T04:50:10,59,21,0,80
2025-08-04T05:21:39,59,21,0,80
2025-08-04T05:52:58,59,21,0,80
2025-08-04T06:24:12,59,21,0,80
2025-08-04T06:55:23,59,21,0,80
2025-08-04T07:26:05,59,21,0,80
2025-08-04T07:57:02,59,21,0,80
2025-08-04T08:27:52,59,21,0,80
2025-08-04T08:58:59,59,21,0,80
2025-08-04T09:30:21,59,21,0,80
2025-08-04T10:01:45,59,21,0,80
2025-08-04T10:32:57,59,21,0,80
2025-08-04T11:03:54,59,21,0,80
2025-08-04T11:35:26,59,21,0,80
2025-08-04T12:06:37,60,20,0,80
2025-08-04T12:38:20,60,20,0,80
2025-08-04T13:09:32,60,20,0,80
2025-08-04T13:41:02,60,20,0,80
2025-08-04T14:12:02,60,20,0,80
2025-08-04T14:43:54,60,20,0,80
2025-08-04T15:15:02,60,20,0,80
2025-08-04T15:46:19,60,20,0,80
2025-08-04T16:17:42,60,20,0,80
2025-08-04T16:49:11,60,20,0,80
2025-08-04T17:20:52,60,20,0,80
2025-08-04T17:51:45,60,20,0,80
2025-08-04T18:22:58,60,20,0,80
2025-08-04T18:54:04,60,20,0,80
2025-08-04T19:25:10,60,20,0,80
2025-08-04T19:56:20,60,20,0,80
2025-08-04T20:27:43,60,20,0,80
2025-08-04T20:58:56,60,20,0,80
2025-08-04T21:30:11,60,20,0,80
2025-08-04T22:01:01,60,20,0,80
2025-08-04T22:32:39,60,20,0,80
2025-08-04T23:03:46,60,20,0,80
2025-08-04T23:35:15,60,20,0,80
2025-08-05T00:06:26,60,20,0,80
2025-08-05T00:37:38,60,20,0,80
2025-08-05T01:08:30,60,20,0,80
2025-08-05T01:39:51,60,20,0,80
2025-08-05T02:11:36,60,20,0,80
2025-08-05T02:42:31,60,20,0,80
2025-08-05T03:14:01,60,20,0,80
2025-08-05T03:45:33,60,20,0,80
2025-08-05T04:48:38,60,20,0,80
2025-08-05T05:20:14,60,20,0,80
2025-08-05T05:51:33,60,20,0,80
2025-08-05T06:22:43,60,20,0,80
2025-08-05T06:53:50,60,20,0,80
2025-08-05T07:24:47,60,20,0,80
2025-08-05T07:56:24,60,20,0,80
2025-08-05T08:27:34,60,20,0,80
2025-08-05T08:58:53,60,20,0,80
2025-08-05T09:30:02,60,20,0,80
2025-08-05T10:01:07,60,20,0,80
2025-08-05T10:32:45,60,20,0,80
2025-08-05T11:04:24,60,20,0,80
2025-08-05T11:36:18,60,20,0,80
2025-08-05T12:07:46,61,19,0,80
2025-08-05T12:39:13,61,19,0,80
2025-08-05T13:10:21,61,19,0,80
2025-08-05T13:41:52,61,19,0,80
2025-08-05T14:13:02,61,19,0,80
2025-08-05T14:44:11,61,19,0,80
2025-08-05T15:15:42,61,19,0,80
2025-08-05T15:47:07,61,19,0,80
2025-08-05T16:18:23,61,19,0,80
2025-08-05T16:49:37,61,19,0,80
2025-08-05T17:20:47,61,19,0,80
2025-08-05T17:52:18,61,19,0,80
2025-08-05T18:23:38,61,19,0,80
2025-08-05T18:54:35,61,19,0,80
2025-08-05T19:26:11,61,19,0,80
2025-08-05T19:57:15,61,19,0,80
2025-08-05T20:28:50,61,19,0,80
2025-08-05T21:00:12,61,19,0,80
2025-08-05T21:31:44,61,19,0,80
2025-08-05T22:03:08,61,19,0,80
2025-08-05T22:34:10,61,19,0,80
2025-08-05T23:05:51,62,18,0,80
2025-08-05T23:36:58,62,18,0,80
2025-08-06T00:08:21,62,18,0,80
2025-08-06T00:39:54,62,18,0,80
2025-08-06T01:11:17,62,18,0,80
2025-08-06T01:42:59,62,18,0,80
2025-08-06T02:14:36,62,18,0,80
2025-08-06T02:45:58,62,18,0,80
2025-08-06T03:17:12,62,18,0,80
2025-08-06T03:48:38,62,18,0,80
2025-08-06T04:53:56,62,18,0,80
2025-08-06T05:26:48,62,18,0,80
2025-08-06T05:58:26,62,18,0,80
2025-08-06T06:29:33,62,18,0,80
2025-08-06T07:00:59,62,18,0,80
2025-08-06T07:47:47,62,18,0,80
2025-08-06T08:26:14,62,18,0,80
2025-08-06T08:57:21,62,18,0,80
2025-08-06T09:28:43,62,18,0,80
2025-08-06T10:00:21,62,18,0,80
2025-08-06T10:31:40,62,18,0,80
2025-08-06T11:03:35,62,18,0,80
2025-08-06T11:34:25,62,18,0,80
2025-08-06T12:05:52,62,18,0,80
2025-08-06T12:36:32,62,18,0,80
2025-08-06T13:08:02,62,18,0,80
2025-08-06T13:39:25,62,18,0,80
2025-08-06T14:11:03,62,18,0,80
2025-08-06T14:42:32,62,18,0,80
2025-08-06T15:13:43,62,18,0,80
2025-08-06T15:44:26,62,18,0,80
2025-08-06T16:15:50,62,18,0,80
2025-08-06T16:47:34,63,17,0,80
2025-08-06T17:18:31,63,17,0,80
2025-08-06T17:49:53,63,17,0,80
2025-08-06T18:21:27,63,17,0,80
2025-08-06T18:53:10,63,17,0,80
2025-08-06T19:24:26,63,17,0,80
2025-08-06T19:55:36,63,17,0,80
2025-08-06T20:26:57,63,17,0,80
2025-08-06T20:58:39,63,17,0,80
2025-08-06T21:29:42,63,17,0,80
2025-08-06T22:01:01,63,17,0,80
2025-08-06T22:32:31,63,17,0,80
2025-08-06T23:03:53,63,17,0,80
2025-08-06T23:34:47,63,17,0,80
2025-08-07T00:05:55,63,17,0,80
2025-08-07T00:37:29,63,17,0,80
2025-08-07T01:08:45,63,17,0,80
2025-08-07T01:39:55,63,17,0,80
2025-08-07T02:11:18,63,17,0,80
2025-08-07T02:42:53,63,17,0,80
2025-08-07T03:14:44,63,17,0,80
2025-08-07T03:45:37,63,17,0,80
2025-08-07T04:52:45,63,17,0,80
2025-08-07T05:23:58,63,17,0,80
2025-08-07T05:55:06,63,17,0,80
2025-08-07T06:26:05,63,17,0,80
2025-08-07T06:57:27,63,17,0,80
2025-08-07T07:28:52,63,17,0,80
2025-08-07T07:59:57,63,17,0,80
2025-08-07T08:30:58,63,17,0,80
2025-08-07T09:02:07,63,17,0,80
2025-08-07T09:32:59,63,17,0,80
2025-08-07T10:04:02,63,17,0,80
2025-08-07T10:35:23,63,17,0,80
2025-08-07T11:06:17,63,17,0,80
2025-08-07T11:37:09,63,17,0,80
2025-08-07T12:08:30,63,17,0,80
2025-08-07T12:40:02,63,17,0,80
2025-08-07T13:11:08,63,17,0,80
2025-08-07T13:42:17,63,17,0,80
2025-08-07T14:13:26,63,17,0,80
2025-08-07T14:44:51,63,17,0,80
2025-08-07T15:16:20,63,17,0,80
2025-08-07T15:47:35,63,17,0,80
2025-08-07T16:19:02,63,17,0,80
2025-08-07T16:50:15,63,17,0,80
2025-08-07T17:21:28,64,16,0,80
2025-08-07T17:52:25,64,16,0,80
2025-08-07T18:23:45,64,16,0,80
2025-08-07T18:55:12,64,16,0,80
2025-08-07T19:26:16,64,16,0,80
2025-08-07T19:57:21,64,16,0,80
2025-08-07T20:28:57,64,16,0,80
2025-08-07T21:00:11,64,16,0,80
2025-08-07T21:31:19,64,16,0,80
2025-08-07T22:03:03,64,16,0,80
2025-08-07T22:34:14,64,16,0,80
2025-08-07T23:06:38,64,16,0,80
2025-08-07T23:37:37,64,16,0,80
2025-08-08T00:09:49,64,16,0,80
2025-08-08T00:42:40,64,16,0,80
2025-08-08T01:15:26,64,16,0,80
2025-08-08T01:46:31,64,16,0,80
2025-08-08T02:18:18,64,16,0,80
2025-08-08T02:49:30,64,16,0,80
2025-08-08T03:20:54,64,16,0,80
2025-08-08T03:52:04,64,16,0,80
2025-08-08T11:55:03,64,16,0,80
2025-08-08T12:26:22,64,16,0,80
2025-08-08T12:57:51,64,16,0,80
2025-08-08T13:29:12,64,16,0,80
2025-08-08T14:00:16,64,16,0,80
2025-08-08T14:31:15,64,16,0,80
2025-08-08T15:02:42,64,16,0,80
2025-08-08T15:34:01,64,16,0,80
2025-08-08T16:05:06,64,16,0,80
2025-08-08T16:36:01,64,16,0,80
2025-08-08T17:07:36,64,16,0,80
2025-08-08T17:39:06,64,16,0,80
2025-08-08T18:09:58,64,16,0,80
2025-08-08T18:41:08,64,16,0,80
2025-08-08T19:12:23,64,16,0,80
2025-08-08T19:43:48,64,16,0,80
2025-08-08T20:15:15,64,16,0,80
2025-08-08T20:46:16,64,16,0,80
2025-08-08T21:17:57,64,16,0,80
2025-08-08T21:48:52,64,16,0,80
2025-08-08T22:20:07,64,16,0,80
2025-08-08T22:51:27,64,16,0,80
2025-08-08T23:22:39,64,16,0,80
2025-08-08T23:53:43,64,16,0,80
2025-08-09T00:24:48,64,16,0,80
2025-08-09T00:56:52,64,16,0,80
2025-08-09T01:28:15,64,16,0,80
2025-08-09T01:59:52,64,16,0,80
2025-08-09T02:31:10,64,16,0,80
2025-08-09T03:02:30,64,16,0,80
2025-08-09T03:33:56,64,16,0,80
2025-08-09T04:05:17,64,16,0,80
2025-08-09T04:52:38,65,15,0,80
2025-08-09T05:24:20,65,15,0,80
2025-08-09T05:55:52,65,15,0,80
2025-08-09T06:27:34,65,15,0,80
2025-08-09T06:58:34,65,15,0,80
2025-08-09T07:29:43,65,15,0,80
2025-08-09T08:00:38,65,15,0,80
2025-08-09T08:31:59,65,15,0,80
2025-08-09T09:03:22,65,15,0,80
2025-08-09T09:34:37,65,15,0,80
2025-08-09T10:05:53,65,15,0,80
2025-08-09T10:36:53,65,15,0,80
2025-08-09T11:08:03,65,15,0,80
2025-08-09T11:38:50,65,15,0,80
2025-08-09T12:09:38,65,15,0,80
2025-08-09T12:40:39,65,15,0,80
2025-08-09T13:11:45,65,15,0,80
2025-08-09T13:42:57,65,15,0,80
2025-08-09T14:14:25,65,15,0,80
2025-08-09T14:45:55,65,15,0,80
2025-08-09T15:17:03,65,15,0,80
2025-08-09T15:47:52,65,15,0,80
2025-08-09T16:18:56,65,15,0,80
2025-08-09T16:50:00,65,15,0,80
2025-08-09T17:21:30,65,15,0,80
2025-08-09T17:52:45,65,15,0,80
2025-08-09T18:24:04,65,15,0,80
2025-08-09T18:54:59,65,15,0,80
2025-08-09T19:26:23,65,15,0,80
2025-08-09T19:57:47,65,15,0,80
2025-08-09T20:28:48,65,15,0,80
2025-08-09T21:00:02,65,15,0,80
2025-08-09T21:31:17,65,15,0,80
2025-08-09T22:02:44,65,15,0,80
2025-08-09T22:33:54,65,15,0,80
2025-08-09T23:05:23,65,15,0,80
2025-08-09T23:36:46,65,15,0,80
2025-08-10T00:08:03,65,15,0,80
2025-08-10T00:39:15,65,15,0,80
2025-08-10T01:10:31,65,15,0,80
2025-08-10T01:41:40,65,15,0,80
2025-08-10T02:12:38,65,15,0,80
2025-08-10T02:44:05,65,15,0,80
2025-08-10T03:15:37,65,15,0,80
2025-08-10T03:46:55,65,15,0,80
2025-08-10T04:19:41,65,15,0,80
2025-08-10T04:59:52,65,15,0,80
2025-08-10T05:31:17,65,15,0,80
2025-08-10T06:02:21,65,15,0,80
2025-08-10T06:33:42,65,15,0,80
2025-08-10T07:04:55,65,15,0,80
2025-08-10T07:36:10,65,15,0,80
2025-08-10T08:07:30,65,15,0,80
2025-08-10T08:38:43,65,15,0,80
2025-08-10T09:10:14,65,15,0,80
2025-08-10T09:41:12,65,15,0,80
2025-08-10T10:12:12,65,15,0,80
2025-08-10T10:43:46,65,15,0,80
2025-08-10T11:14:59,65,15,0,80
2025-08-10T11:46:14,65,15,0,80
2025-08-10T12:17:29,65,15,0,80
2025-08-10T12:48:32,65,15,0,80
2025-08-10T13:19:44,65,15,0,80
2025-08-10T13:50:59,65,15,0,80
2025-08-10T14:22:10,65,15,0,80
2025-08-10T14:53:02,65,15,0,80
2025-08-10T15:24:17,65,15,0,80
2025-08-10T15:55:23,65,15,0,80
2025-08-10T16:26:45,65,15,0,80
2025-08-10T16:57:42,65,15,0,80
2025-08-10T17:29:36,65,15,0,80
2025-08-10T18:00:56,65,15,0,80
2025-08-10T18:32:12,65,15,0,80
2025-08-10T19:03:03,65,15,0,80
2025-08-10T19:34:18,65,15,0,80
2025-08-10T20:05:15,65,15,0,80
2025-08-10T20:36:21,65,15,0,80
2025-08-10T21:07:32,65,15,0,80
2025-08-10T21:38:41,65,15,0,80
2025-08-10T22:10:21,65,15,0,80
2025-08-10T22:41:48,65,15,0,80
2025-08-10T23:13:05,65,15,0,80
2025-08-10T23:44:02,65,15,0,80
2025-08-11T00:15:26,65,15,0,80
2025-08-11T00:46:48,65,15,0,80
2025-08-11T01:18:14,65,15,0,80
2025-08-11T01:49:16,65,15,0,80
2025-08-11T02:20:25,65,15,0,80
2025-08-11T02:51:17,65,15,0,80
2025-08-11T03:22:32,65,15,0,80
2025-08-11T03:54:00,65,15,0,80
2025-08-11T04:48:00,65,15,0,80
2025-08-11T05:19:26,65,15,0,80
2025-08-11T05:51:03,65,15,0,80
2025-08-11T06:22:20,65,15,0,80
2025-08-11T06:53:19,65,15,0,80
2025-08-11T07:24:41,65,15,0,80
2025-08-11T07:55:56,65,15,0,80
2025-08-11T08:27:07,65,15,0,80
2025-08-11T08:58:08,65,15,0,80
2025-08-11T09:29:16,65,15,0,80
2025-08-11T10:00:17,65,15,0,80
2025-08-11T10:31:43,65,15,0,80
2025-08-11T11:03:02,65,15,0,80
2025-08-11T11:34:10,65,15,0,80
2025-08-11T12:05:29,65,15,0,80
2025-08-11T12:36:28,65,15,0,80
2025-08-11T13:07:44,65,15,0,80
2025-08-11T13:39:30,65,15,0,80
2025-08-11T14:10:47,65,15,0,80
2025-08-11T14:42:14,65,15,0,80
2025-08-11T15:13:33,65,15,0,80
2025-08-11T15:44:50,65,15,0,80
2025-08-11T16:15:55,65,15,0,80
2025-08-11T16:46:53,65,15,0,80
2025-08-11T17:17:54,65,15,0,80
2025-08-11T17:48:53,65,15,0,80
2025-08-11T18:19:48,65,15,0,80
2025-08-11T18:51:31,65,15,0,80
2025-08-11T19:22:48,65,15,0,80
2025-08-11T19:54:08,65,15,0,80
2025-08-11T20:25:04,65,15,0,80
2025-08-11T20:56:13,65,15,0,80
2025-08-11T21:27:58,65,15,0,80
2025-08-11T21:59:33,65,15,0,80
2025-08-11T22:31:01,67,13,0,80
2025-08-11T23:02:13,67,13,0,80
2025-08-11T23:33:19,67,13,0,80
2025-08-12T00:04:27,67,13,0,80
2025-08-12T00:36:27,67,13,0,80
2025-08-12T01:08:10,67,13,0,80
2025-08-12T01:40:04,67,13,0,80
2025-08-12T02:11:47,67,13,0,80
2025-08-12T02:43:32,67,13,0,80
2025-08-12T03:14:53,67,13,0,80
2025-08-12T03:45:57,67,13,0,80
2025-08-12T04:46:07,67,13,0,80
2025-08-12T05:17:48,67,13,0,80
2025-08-12T05:49:30,67,13,0,80
2025-08-12T06:20:23,67,13,0,80
2025-08-12T06:51:37,67,13,0,80
2025-08-12T07:22:56,67,13,0,80
2025-08-12T07:54:09,67,13,0,80
2025-08-12T08:25:15,67,13,0,80
2025-08-12T08:56:02,67,13,0,80
2025-08-12T09:27:29,67,13,0,80
2025-08-12T09:58:42,67,13,0,80
2025-08-12T10:30:13,67,13,0,80
2025-08-12T11:01:51,67,13,0,80
2025-08-12T11:33:25,67,13,0,80
2025-08-12T12:04:21,67,13,0,80
2025-08-12T12:35:38,67,13,0,80
2025-08-12T13:06:39,67,13,0,80
2025-08-12T13:38:06,67,13,0,80
2025-08-12T14:09:20,67,13,0,80
2025-08-12T14:40:56,67,13,0,80
2025-08-12T15:12:03,67,13,0,80
2025-08-12T15:42:57,67,13,0,80
2025-08-12T16:13:49,67,13,0,80
2025-08-12T16:44:58,67,13,0,80
2025-08-12T17:15:56,67,13,0,80
2025-08-12T17:46:55,67,13,0,80
2025-08-12T18:17:51,67,13,0,80
2025-08-12T18:48:44,67,13,0,80
2025-08-12T19:19:58,67,13,0,80
2025-08-12T19:51:19,67,13,0,80
2025-08-12T20:22:18,67,13,0,80
2025-08-12T20:53:54,67,13,0,80
2025-08-12T21:25:12,67,13,0,80
2025-08-12T21:56:17,67,13,0,80
2025-08-12T22:27:39,67,13,0,80
2025-08-12T22:59:02,67,13,0,80
2025-08-12T23:30:48,67,13,0,80
2025-08-13T00:02:05,67,13,0,80
2025-08-13T00:33:09,69,11,0,80
2025-08-13T01:04:14,69,11,0,80
2025-08-13T01:35:25,69,11,0,80
2025-08-13T02:06:50,69,11,0,80
2025-08-13T02:37:57,69,11,0,80
2025-08-13T03:09:09,69,11,0,80
2025-08-13T03:40:59,69,11,0,80
2025-08-13T04:11:54,69,11,0,80
2025-08-13T04:53:03,69,11,0,80
2025-08-13T05:24:21,69,11,0,80
2025-08-13T05:55:45,69,11,0,80
2025-08-13T06:26:35,69,11,0,80
2025-08-13T06:57:45,69,11,0,80
2025-08-13T07:28:58,69,11,0,80
2025-08-13T07:59:57,69,11,0,80
2025-08-13T08:30:55,69,11,0,80
2025-08-13T09:02:34,69,11,0,80
2025-08-13T09:34:08,69,11,0,80
2025-08-13T10:05:34,69,11,0,80
2025-08-13T10:36:51,69,11,0,80
2025-08-13T11:08:16,69,11,0,80
2025-08-13T11:39:26,69,11,0,80
2025-08-13T12:10:41,69,11,0,80
2025-08-13T12:42:21,69,11,0,80
2025-08-13T13:14:11,69,11,0,80
2025-08-13T13:45:45,69,11,0,80
2025-08-13T14:16:56,69,11,0,80
2025-08-13T14:47:58,69,11,0,80
2025-08-13T15:37:32,69,11,0,80
2025-08-13T16:09:22,69,11,0,80
2025-08-13T16:41:10,69,11,0,80
2025-08-13T17:12:50,69,11,0,80
2025-08-13T17:44:05,69,11,0,80
2025-08-13T18:15:25,69,11,0,80
2025-08-13T18:46:23,69,11,0,80
2025-08-13T19:17:38,70,10,0,80
2025-08-13T19:48:27,70,10,0,80
2025-08-13T20:19:40,70,10,0,80
2025-08-13T20:50:48,70,10,0,80
2025-08-13T21:21:48,70,10,0,80
2025-08-13T21:52:33,70,10,0,80
2025-08-13T22:23:56,70,10,0,80
2025-08-13T22:55:04,70,10,0,80
2025-08-13T23:26:18,70,10,0,80
2025-08-13T23:57:34,70,10,0,80
2025-08-14T00:28:34,70,10,0,80
2025-08-14T00:59:41,70,10,0,80
2025-08-14T01:31:02,70,10,0,80
2025-08-14T02:02:14,70,10,0,80
2025-08-14T02:33:33,70,10,0,80
2025-08-14T03:04:57,70,10,0,80
2025-08-14T03:36:19,70,10,0,80
2025-08-14T04:09:16,70,10,0,80
2025-08-14T04:51:50,70,10,0,80
2025-08-14T05:23:13,70,10,0,80
2025-08-14T05:54:21,70,10,0,80
2025-08-14T06:25:57,70,10,0,80
2025-08-14T06:57:24,70,10,0,80
2025-08-14T07:28:52,70,10,0,80
2025-08-14T08:00:11,70,10,0,80
2025-08-14T08:31:11,70,10,0,80
2025-08-14T09:02:23,70,10,0,80
2025-08-14T09:33:18,70,10,0,80
2025-08-14T10:04:23,70,10,0,80
2025-08-14T10:35:59,70,10,0,80
2025-08-14T11:07:26,70,10,0,80
2025-08-14T11:39:36,71,9,0,80
2025-08-14T12:11:26,71,9,0,80
2025-08-14T12:42:33,71,9,0,80
2025-08-14T13:13:47,71,9,0,80
2025-08-14T13:45:03,71,9,0,80
2025-08-14T14:16:20,71,9,0,80
2025-08-14T14:48:10,71,9,0,80
2025-08-14T15:20:00,71,9,0,80
2025-08-14T15:51:21,71,9,0,80
2025-08-14T16:22:32,71,9,0,80
2025-08-14T16:53:46,71,9,0,80
2025-08-14T17:25:21,71,9,0,80
2025-08-14T17:56:48,71,9,0,80
2025-08-14T18:28:00,71,9,0,80
2025-08-14T18:58:57,71,9,0,80
2025-08-14T19:30:18,71,9,0,80
2025-08-14T20:01:37,71,9,0,80
2025-08-14T20:32:49,71,9,0,80
2025-08-14T21:04:01,71,9,0,80
2025-08-14T21:34:55,71,9,0,80
2025-08-14T22:06:07,71,9,0,80
2025-08-14T22:37:26,71,9,0,80
2025-08-14T23:08:39,71,9,0,80
2025-08-14T23:39:51,71,9,0,80
2025-08-15T00:10:56,71,9,0,80
2025-08-15T00:43:52,71,9,0,80
2025-08-15T01:15:06,71,9,0,80
2025-08-15T01:46:27,71,9,0,80
2025-08-15T02:17:50,71,9,0,80
2025-08-15T02:49:13,71,9,0,80
2025-08-15T03:20:34,71,9,0,80
2025-08-15T03:51:55,71,9,0,80
2025-08-15T05:06:36,71,9,0,80
2025-08-15T05:37:49,71,9,0,80
2025-08-15T06:08:50,71,9,0,80
2025-08-15T06:40:20,71,9,0,80
2025-08-15T07:11:23,71,9,0,80
2025-08-15T07:42:32,71,9,0,80
2025-08-15T08:13:40,71,9,0,80
2025-08-15T08:45:10,71,9,0,80
2025-08-15T09:16:17,71,9,0,80
2025-08-15T09:47:16,71,9,0,80
2025-08-15T10:18:51,71,9,0,80
2025-08-15T10:49:51,71,9,0,80
2025-08-15T11:21:08,71,9,0,80
2025-08-15T11:52:10,71,9,0,80
2025-08-15T12:24:00,72,8,0,80
2025-08-15T12:55:25,72,8,0,80
2025-08-15T13:26:46,72,8,0,80
2025-08-15T13:58:14,72,8,0,80
2025-08-15T14:29:24,72,8,0,80
2025-08-15T15:00:30,72,8,0,80
2025-08-15T15:31:51,72,8,0,80
2025-08-15T16:03:30,72,8,0,80
2025-08-15T16:34:48,72,8,0,80
2025-08-15T17:06:18,72,8,0,80
2025-08-15T17:37:11,72,8,0,80
2025-08-15T18:08:27,72,8,0,80
2025-08-15T18:39:50,72,8,0,80
2025-08-15T19:11:20,72,8,0,80
2025-08-15T19:42:33,72,8,0,80
2025-08-15T20:13:43,72,8,0,80
2025-08-15T20:44:41,72,8,0,80
2025-08-15T21:15:32,72,8,0,80
2025-08-15T21:46:41,72,8,0,80
2025-08-15T22:17:32,72,8,0,80
2025-08-15T22:48:46,72,8,0,80
2025-08-15T23:20:06,72,8,0,80
2025-08-15T23:51:32,72,8,0,80
2025-08-16T00:22:54,72,8,0,80
2025-08-16T00:54:37,72,8,0,80
2025-08-16T01:25:44,72,8,0,80
2025-08-16T01:56:49,72,8,0,80
2025-08-16T02:27:57,72,8,0,80
2025-08-16T02:59:27,72,8,0,80
2025-08-16T03:31:16,72,8,0,80
2025-08-16T04:02:34,72,8,0,80
2025-08-16T04:48:53,72,8,0,80
2025-08-16T05:20:03,72,8,0,80
2025-08-16T05:51:23,72,8,0,80
2025-08-16T06:22:25,72,8,0,80
2025-08-16T06:53:59,72,8,0,80
2025-08-16T07:25:07,72,8,0,80
2025-08-16T07:56:17,72,8,0,80
2025-08-16T08:27:35,72,8,0,80
2025-08-16T08:58:40,72,8,0,80
2025-08-16T09:30:02,72,8,0,80
2025-08-16T10:01:07,72,8,0,80
2025-08-16T10:32:27,72,8,0,80
2025-08-16T11:03:44,72,8,0,80
2025-08-16T11:35:07,72,8,0,80
2025-08-16T12:06:03,72,8,0,80
